		MS_MS_Count_05fmolExp1	MS_MS_Count_05fmolExp2	MS_MS_Count_10fmolExp1	MS_MS_Count_10fmolExp2	MS_MS_Count_1fmolExp1	MS_MS_Count_1fmolExp2	MS_MS_Count_20fmolExp1	MS_MS_Count_20fmolExp2	MS_MS_Count_50fmolExp1	MS_MS_Count_50fmolExp2	MS_MS_Count_5fmolExp1	MS_MS_Count_5fmolExp2
		class1	class1	class1	class1	class1	class1	class2	class2	class2	class2	class2	class2
1	A0AV56__SAFB_SAFB2	1	2	1	0	1	0	3	1	0	3	1	0
2	A0AVT1__UBA6	0	1	0	0	0	1	0	0	0	0	0	0
3	O43264__ZW10	0	0	0	0	1	0	1	1	1	1	1	0
4	A1L0T0__ILVBL	0	0	0	1	0	0	0	0	0	1	1	0
5	A2A274__ACO2	1	1	1	1	0	0	1	0	1	3	1	2
6	P42696__RBM34	0	0	0	0	0	0	0	0	0	1	0	0
7	Q5VXU9__C9orf84	1	0	0	0	0	0	0	0	0	0	0	0
8	P35611_3__ADD1	1	0	0	0	0	0	1	0	0	0	1	0
9	B4DYX9__RDBP	0	0	0	1	0	0	0	0	0	0	0	1
10	F5GXA6__HLA_C_HLA_B_HLA_A_HLA_H	1	0	0	1	1	0	1	1	1	0	0	1
11	P29372__MPG_PIG16	1	0	0	0	1	0	0	0	0	0	0	0
12	A4D0Z6__IMPDH1	0	0	0	0	0	0	0	0	0	0	0	0
13	J3KNB1__XIRP2	0	0	0	0	0	0	0	0	0	0	0	0
14	A5YKK6__CNOT1	1	1	0	0	0	1	1	0	1	1	1	0
15	C9J837__RAB3GAP1	1	1	0	0	0	1	0	0	0	1	0	0
16	A6NCK0__NAE1	1	1	1	0	0	1	0	1	1	0	0	0
17	Q13620__CUL4B	1	1	1	0	1	0	1	0	0	1	1	0
18	A6NEM2__HCFC1	2	1	1	1	4	1	1	1	1	2	4	1
19	A6NFX8__NUDT5	2	2	0	2	2	2	2	2	1	2	1	1
20	A6NG51__SPTAN1	2	7	0	6	5	5	2	5	4	5	4	5
21	Q92733__PRCC	1	0	0	1	1	1	0	2	0	0	0	1
22	P05026__ATP1B1	0	1	0	0	0	0	0	0	0	0	0	0
23	B4DLH4__HN1L	0	1	0	0	0	0	1	0	2	2	0	1
24	A6NHR9__SMCHD1	0	1	0	1	1	0	0	0	0	1	3	0
25	Q5JWF2__GNAS	0	0	0	0	0	1	0	0	0	1	1	1
26	P54578__USP14	2	0	0	0	1	1	1	0	1	0	0	0
27	Q9H4A4__RNPEP	3	2	0	3	1	1	2	2	2	0	0	1
28	J3KNE0__RGPD3_RGPD4	0	0	0	1	0	0	0	0	0	1	1	0
29	P51571__SSR4	0	1	0	0	0	0	1	0	0	1	0	1
30	P22307__SCP2	0	0	0	1	1	1	1	0	1	0	3	1
31	A6NMH8__CD81	1	1	0	1	0	1	1	2	1	2	0	0
32	A6NMQ1__POLA1	0	0	0	1	0	1	0	1	0	0	0	0
33	Q5T5H1__ENSA_ARPP19	0	0	0	0	0	1	0	0	0	0	0	0
34	P08133__ANXA6	0	1	0	2	1	0	1	0	2	2	1	0
35	Q08257__CRYZ	0	0	0	0	0	1	2	0	0	0	2	1
36	B4DZF8__PPP2R4_DKFZp781M17165	0	0	0	0	0	0	1	1	1	0	0	1
37	A7MAP1__CORO1C	1	1	1	2	1	0	1	2	1	1	2	1
38	A7YIJ8__RDX	0	1	1	1	0	1	0	0	0	1	0	0
39	J3QRU1__YES1_FYN_SRC_HCK_LYN	0	0	0	0	1	0	1	0	0	0	1	1
40	Q9Y4J8_3__DTNA	0	1	0	0	0	0	0	0	0	0	0	0
41	P55196_5__MLLT4	0	0	0	1	0	0	0	0	0	0	1	0
42	O14972__DSCR3	0	0	0	0	0	0	0	0	0	0	0	0
43	A8MV58__DBN1	0	1	0	0	2	1	1	1	1	2	0	0
44	A8MW61__PLRG1	0	0	0	0	0	0	0	0	0	1	0	0
45	A8MWD9__SNRPG	0	0	0	1	0	0	0	0	0	0	0	0
46	A8MXP9__MATR3	4	4	6	3	7	5	8	12	6	7	5	8
47	Q14203__DCTN1_DKFZp686E0752	0	0	1	0	1	0	0	1	1	0	0	1
48	Q86U38__C14orf21	0	0	0	0	0	0	0	0	0	0	0	0
49	P34896__SHMT1	0	0	0	0	0	0	0	0	0	0	0	0
50	P55039__DRG2	0	1	0	1	0	1	1	0	0	0	0	1
51	A8TX70__COL6A5_COL6A6	0	0	0	0	0	0	1	1	0	0	0	0
52	E9PCT1__SRRM1	0	0	0	0	0	1	0	0	1	1	1	0
53	B0LM41__RBM14_RBM4_fusion	2	0	1	1	1	1	2	1	1	1	2	2
54	O60784_2__TOM1	0	0	0	0	0	0	0	0	1	1	1	0
55	B0QY89__EIF3EIP_EIF3L	5	1	1	3	3	3	1	4	2	2	4	2
56	Q01844_5__EWSR1	3	1	2	2	1	1	1	1	1	1	0	2
57	B0QYN7__UBE2I	1	0	0	0	1	1	0	0	0	1	0	0
58	B0QZ18__CPNE1	1	3	0	3	2	0	2	2	1	1	3	2
59	B0S7P1__BRD2_DKFZp313H139	0	0	0	0	0	0	0	0	0	1	0	0
60	P46379_3__BAG6_BAT3	1	1	0	0	0	0	0	0	0	0	0	0
61	B0V043__VARS	3	1	0	0	4	1	1	1	1	2	4	2
62	P36915__GNL1	0	0	0	0	0	0	0	0	1	0	1	0
63	B0YIW6__ARCN1	0	1	0	0	1	1	0	1	0	0	2	1
64	P33992__MCM5	0	0	1	0	2	0	0	1	0	0	0	3
65	Q86Y82__STX12	0	0	0	1	0	0	0	1	0	0	0	0
66	O75832__PSMD10	0	0	0	2	0	0	1	0	0	0	0	0
67	B1AK88__CAPZB	2	1	1	2	1	2	0	0	0	1	1	2
68	B1AKJ5__NRD1	1	0	0	0	1	0	1	2	1	0	0	0
69	Q9Y3B2__EXOSC1_RP11_452K12.9	0	1	0	1	0	0	0	0	0	0	0	0
70	Q13310_3__PABPC4	2	1	0	1	3	2	0	1	2	0	0	1
71	P22694_2__PRKACB_PRKACA_PRKACG_KIN27	1	0	0	0	0	1	0	0	0	1	0	0
72	Q5SRD1__TIMM23B_TIMM23	1	0	0	0	0	0	0	0	0	0	0	0
73	O75334__PPFIA2_PPFIA1_PPFIA3_PPFIA4	0	1	0	1	0	0	0	0	0	0	0	0
74	Q9NWV4__C1orf123	1	0	0	0	0	1	0	0	0	0	0	1
75	B1AVU8__PSAP	2	1	1	0	2	0	2	0	2	1	1	1
76	Q16881__TXNRD1_TXNRD2	0	0	0	0	0	0	0	1	0	0	0	0
77	REV__I1E4Y6__SPINK5_TRIM6_TRIM34_TRIM34	0	0	0	0	0	0	0	0	0	0	0	1
78	Q96DV4__MRPL38	1	1	0	1	0	1	0	1	1	0	0	1
79	P55209__NAP1L1	3	2	1	3	2	4	3	4	5	2	2	2
80	P37268__FDFT1	1	1	0	0	0	0	0	0	0	0	0	1
81	J3KPW7__HDAC2_HDAC1	1	0	1	1	1	1	1	1	0	1	2	0
82	B3KS98__EIF3S3_EIF3H	1	2	0	0	1	2	1	1	2	0	0	2
83	H0YHI0__CHURC1_FNTB_FNTB	0	0	0	0	0	0	0	1	0	0	0	0
84	B3KSH1__EIF3F	0	0	0	0	2	1	2	0	1	0	1	1
85	H0Y3X6__WHSC2	0	0	0	1	0	0	0	0	0	0	1	0
86	B3KTC7__MRE11A	1	2	2	1	1	1	2	0	0	0	0	3
87	P14678_3__SNRPN_SNRPB	2	1	2	1	2	2	2	1	3	1	3	2
88	B3KW14__PQLC1	0	0	0	1	0	0	0	0	0	0	0	0
89	B3KXW5__AP1G1	1	1	0	0	0	0	0	0	0	0	0	0
90	P54725__RAD23A	0	0	0	0	0	0	0	0	0	0	1	1
91	Q8WYA6__CTNNBL1	1	0	0	0	0	0	0	0	0	0	0	0
92	Q9H9T3__ELP3	0	0	0	0	1	0	0	1	0	1	0	1
93	O60749__SNX2	0	0	0	0	0	0	0	0	0	0	1	0
94	Q9P2J5__LARS	2	0	0	1	2	1	4	3	1	4	3	2
95	P46459__NSF	0	0	0	0	0	1	0	4	1	1	1	0
96	P35659__DEK	0	2	0	2	1	3	1	1	0	3	1	3
97	P48735__IDH2	2	1	0	2	1	2	2	1	1	1	0	0
98	B1AKR6__DYNLRB1_DYNLRB2	2	0	0	1	0	0	0	0	0	0	0	0
99	Q969G3__SMARCE1	1	0	1	0	0	1	2	1	0	0	0	0
100	P47755__CAPZA2	0	0	0	0	1	0	0	0	1	0	0	0
101	Q5T1Z8__PUM1	0	0	0	0	0	0	1	0	0	0	0	0
102	B4DGP8__CANX	3	3	1	3	4	3	1	2	1	4	4	3
103	P35222__CTNNB1	1	0	0	1	0	0	0	1	1	1	1	0
104	Q14232__EIF2B1	0	0	0	0	0	0	0	1	1	0	0	0
105	P48426__PIP4K2A	0	0	0	0	0	0	0	0	0	0	0	0
106	P30626__SRI	0	0	1	0	0	0	0	0	0	0	1	0
107	Q9UKA9_2__PTBP2	0	0	0	0	0	0	0	1	0	1	1	0
108	Q12765_2__SCRN1	1	0	0	0	0	0	1	0	1	0	0	0
109	P61086__UBE2K	1	0	1	1	1	0	0	0	0	1	0	0
110	P28331_2__NDUFS1	2	0	0	0	0	2	0	1	4	2	2	2
111	Q92990__GLMN	1	1	0	3	0	1	1	2	1	0	1	2
112	B4DJL6__C15orf44	1	1	0	0	1	0	0	1	0	1	1	0
113	P62318__SNRPD3	2	3	2	1	4	3	2	2	3	2	2	1
114	Q9UNH7__SNX6	0	0	0	0	1	0	1	0	0	1	1	2
115	O75390__CS	2	2	2	0	1	1	0	2	1	1	1	1
116	Q9NTJ5__SACM1L	1	0	0	1	0	1	0	0	0	0	1	1
117	Q5H8A4__PIGG	0	0	0	0	0	0	0	0	0	1	0	0
118	Q01780__EXOSC10	0	0	0	0	0	0	1	0	0	0	0	0
119	Q8WUX9__CHMP7	0	0	0	1	0	0	0	0	0	0	0	0
120	P36542__ATP5C1	0	0	2	2	1	0	2	0	1	1	0	0
121	B4DLN1__SLC25A10_MRPL12	1	2	0	3	5	5	0	1	2	3	0	2
122	Q02543__RPL18A	1	4	2	1	4	2	4	3	1	2	4	1
123	Q15907__RAB11B_RAB11A	1	1	1	1	1	2	2	0	0	0	1	1
124	Q96GC5__MRPL48	1	1	0	1	0	0	0	0	0	0	0	0
125	O43776__NARS	1	2	1	1	1	1	1	1	0	3	1	1
126	Q16181__9_7_2013	1	1	1	1	2	3	3	1	2	1	0	2
127	P11802__CDK4	1	0	0	0	0	0	0	0	0	1	0	0
128	B4DNJ6__STRAP	3	3	2	3	3	3	4	4	1	1	2	2
129	Q15185__PTGES3	4	2	1	2	2	2	3	5	4	3	1	1
130	P62633__CNBP	2	0	0	1	1	3	0	3	2	2	2	1
131	E7EQZ4__SMN1	0	0	0	0	0	0	1	0	0	0	0	1
132	O94842__TOX4	0	0	0	1	0	0	0	0	0	0	0	0
133	Q9BY44__EIF2A	1	3	0	2	1	0	1	2	1	1	1	2
134	P45954__ACADSB	0	0	1	0	1	0	0	0	0	0	1	0
135	Q9BW92__TARS2	0	0	0	0	1	0	0	0	0	0	0	1
136	Q96IU4__ABHD14B	1	1	0	1	1	1	1	1	0	0	1	1
137	Q13595__TRA2A	1	0	0	0	0	1	0	2	2	1	0	0
138	P52209__PGD	3	3	0	2	1	4	4	4	2	1	2	3
139	P22570_3__FDXR	1	0	0	0	0	0	1	1	0	1	0	0
140	G3V3D1__NPC2	1	1	0	1	1	0	1	1	0	1	0	0
141	Q86UY6__NAA40	0	0	0	0	0	0	0	0	1	0	0	1
142	B4DR52__HIST2H2BF_HIST1H2BK_H2BFS_HIST1H2BD_HIST1H2BC_HIST1H2BH_HIST1H2BN_HIST1H2BM_HIST1H2BL	12	6	5	10	10	8	12	7	9	13	9	10
143	P62191__PSMC1	3	1	0	2	0	0	1	2	2	2	2	2
144	B4DR87__PLOD1	0	1	0	0	0	0	1	2	0	0	0	0
145	Q49AR2__C5orf22	0	0	0	0	1	0	0	0	0	0	0	0
146	Q9P035__PTPLAD1	0	0	0	0	1	1	0	0	0	0	0	0
147	B4DRT2__MRPS27	0	0	1	1	0	1	0	0	1	1	0	1
148	Q96SB4_3__SRPK1	0	1	0	0	1	0	0	0	0	0	1	1
149	O60942__RNGTT	0	0	0	0	0	0	0	0	0	0	0	0
150	Q8NCA5__FAM98A	1	0	0	0	0	0	0	0	0	0	0	0
151	Q7Z3B4__NUP54	0	0	0	0	0	0	0	0	0	0	1	0
152	P20073__ANXA7	0	0	0	0	0	0	0	0	0	0	1	1
153	Q14103_2__HNRNPD	1	0	0	1	1	1	1	1	1	1	1	1
154	H0Y8P4__UTP15	0	0	0	0	0	0	0	0	1	0	0	0
155	Q13126_2__MTAP	1	0	0	0	1	1	0	1	0	0	1	0
156	O95433__AHSA1	0	0	0	2	1	0	0	0	0	0	1	1
157	O95861_2__BPNT1	1	0	0	0	0	0	1	0	0	1	0	1
158	O00154__ACOT7	0	0	0	0	3	1	2	3	2	1	0	1
159	P50995__ANXA11	1	1	0	0	1	0	0	0	0	2	1	1
160	O15371__EIF3D	1	1	0	0	1	0	1	3	2	1	2	1
161	P47897__QARS	2	1	1	5	2	2	0	1	2	1	3	2
162	P49903__SEPHS1	0	0	0	0	0	0	0	1	0	0	0	0
163	O14744__PRMT5	1	1	0	0	0	1	0	0	0	0	0	1
164	P25685__DNAJB1	0	1	0	1	0	1	1	0	0	0	0	0
165	B4DX68__PBK	0	1	0	0	1	0	0	0	0	0	1	0
166	B4DXE2__BAG2	0	1	0	2	0	1	1	0	1	0	0	1
167	B4DXJ1__SEC13	2	2	1	3	1	1	0	1	2	1	1	0
168	P07910_2__HNRNPC_HNRNPCL1	15	9	4	12	17	8	16	12	11	12	14	11
169	Q8NFH5__NUP35	0	0	0	0	0	1	1	0	0	0	0	1
170	F6S8M0__GNS	0	0	0	1	0	0	1	0	0	0	0	0
171	Q9H0D6__XRN2	1	0	0	0	0	1	0	0	0	0	0	0
172	P35606__COPB2	0	0	1	1	0	1	0	2	0	1	4	1
173	O43237__DYNC1LI2	0	0	0	0	0	0	0	0	0	0	0	0
174	Q96DB5__FAM82B	0	0	0	0	0	0	1	0	0	0	0	0
175	Q96AT9__RPE	0	1	0	0	0	0	0	0	0	1	0	0
176	P29401_2__TKT	4	8	6	6	7	5	6	3	4	5	6	5
177	B4E0Y9__MST4_STK25	0	0	0	2	0	0	1	1	1	0	1	2
178	Q9BUN8__DERL1	0	0	0	0	0	0	0	0	1	0	0	0
179	B4E1G6__GALK1	0	1	0	0	0	0	1	0	2	1	0	1
180	Q6NXE6__ARMC6	0	0	0	0	1	1	0	2	0	1	0	0
181	P84103__SRSF3	2	3	1	4	2	2	0	1	1	3	2	2
182	B4E2P2__SSR3	0	1	0	0	0	0	0	0	0	0	0	0
183	P13473_3__LAMP2	0	1	1	0	1	1	0	1	1	1	0	1
184	P55084__HADHB	0	2	0	1	0	0	0	1	0	0	0	1
185	D6W5Y5__CIRBP	0	1	1	0	1	0	0	0	0	0	0	0
186	O60256__PRPSAP2	1	1	0	0	0	2	1	1	1	1	1	1
187	Q9Y285__FARSA	1	1	1	2	3	3	0	3	1	1	2	0
188	B5MBZ0__EML4	0	0	0	0	0	0	1	0	0	0	1	1
189	Q15435__PPP1R7	0	1	0	1	0	0	0	0	0	0	0	0
190	Q15084_2__PDIA6	7	7	3	6	7	4	8	6	6	3	9	3
191	P49593__PPM1F	0	0	0	1	0	0	0	1	0	1	0	1
192	B5MDF5__RAN	6	8	2	7	4	6	4	5	5	6	5	7
193	Q92600__RQCD1	0	0	0	0	0	0	0	0	0	0	0	0
194	B7TY16__ACTN1	1	0	0	2	2	1	2	2	0	2	2	2
195	Q7Z4Q2__HEATR3	0	0	0	0	0	0	0	0	1	1	0	0
196	Q9UPU5__USP24	0	0	0	0	0	0	0	0	0	0	0	0
197	Q9Y450__HBS1L	1	0	1	0	0	1	1	2	0	1	0	1
198	P38606__ATP6V1A	4	2	1	1	1	2	1	2	1	2	0	2
199	P09104__ENO2	0	0	0	0	1	0	0	0	1	0	0	1
200	Q14964__RAB39A_RAB6A_RAB6B	0	0	1	0	0	0	1	0	1	0	0	2
201	Q8N5N7__MRPL50	0	0	0	1	0	0	0	1	0	0	0	0
202	P46926__GNPDA1_GNPDA2	0	0	0	0	0	0	0	0	0	0	0	1
203	Q9BUJ2__HNRNPUL1	0	0	0	4	1	4	2	1	2	4	2	3
204	B7Z4Q3__LUC7L2	1	1	1	1	2	1	5	1	1	2	3	1
205	O15260__SURF4	0	0	0	0	0	0	0	0	0	0	1	0
206	Q9Y5Y2__NUBP2	0	1	0	0	0	0	1	1	0	0	0	0
207	Q9H6Z4__RANBP3	0	0	0	0	1	1	1	0	1	0	1	0
208	B7Z7Q0__PITPNB	0	0	1	0	0	1	0	0	1	0	1	0
209	P42785_2__PRCP	1	1	0	0	0	0	0	1	1	0	0	1
210	B7Z888__SCAF8	1	1	0	1	1	1	2	0	0	0	0	1
211	P62820__RAB1A_RAB1B_RAB1C	1	0	1	1	1	1	1	1	1	0	0	2
212	H7BY58__PCMT1	1	0	1	1	1	1	2	1	2	2	1	1
213	Q5VW32__BROX_C1orf58	0	1	0	0	0	0	0	0	1	0	1	0
214	Q5T4U5__ACADM	3	1	0	1	0	1	0	2	0	1	1	1
215	P50213__IDH3A	1	1	0	0	1	2	1	0	0	1	2	0
216	F8W8S0__DYNC1I2	0	0	0	0	0	0	0	0	0	0	0	0
217	Q9UBQ5__EIF3K	1	0	0	0	0	0	0	1	0	0	0	0
218	P35658_5__NUP214	1	0	0	2	2	2	1	1	0	0	1	1
219	Q7Z3K3__POGZ	0	0	0	0	0	0	0	0	0	0	0	0
220	Q9NR46_2__SH3GLB2	1	1	0	1	1	0	1	0	1	1	0	0
221	Q15020__SART3	0	1	0	0	0	1	3	0	1	1	0	1
222	B7ZKM8__SEC24B	0	0	0	1	0	1	0	0	0	1	1	0
223	B7ZKS7__USP48	0	1	0	0	0	0	0	0	0	0	0	0
224	Q7Z460__CLASP1_CLASP2	2	0	0	1	0	0	0	0	0	1	0	1
225	B8ZZ87__MZT2B_MZT2A	0	0	0	0	0	0	0	0	0	0	0	0
226	Q53GS9__USP39	1	1	0	0	0	0	0	2	1	0	0	1
227	Q9Y4Y9__LSM5	1	0	1	1	2	1	2	0	1	1	1	0
228	O75223__GGCT	0	1	0	1	1	0	0	0	0	0	0	0
229	Q99627__COPS8	1	0	0	1	1	1	0	0	3	1	2	0
230	P06454__PTMA	10	7	5	8	9	11	7	5	9	8	9	9
231	Q9UK76_2__HN1	2	2	1	1	1	2	0	0	1	0	2	1
232	Q15370_2__TCEB2	0	0	0	0	1	1	1	0	0	0	0	0
233	Q6NVY1__HIBCH	0	0	0	0	0	1	0	0	0	1	0	0
234	Q16891__IMMT	2	2	0	1	1	1	0	0	1	1	0	0
235	P62829__RPL23	1	2	1	0	2	3	2	0	0	1	2	2
236	E7EVA0__MAP4	0	0	0	0	1	0	1	0	1	2	2	0
237	H9KV28__DIAPH1	0	0	0	0	0	0	1	0	0	0	0	0
238	O60832__DKC1	0	0	0	1	1	1	0	2	1	2	1	0
239	Q96RP9_2__GFM1	0	0	0	1	0	0	1	0	0	0	0	0
240	Q15942__ZYX	0	0	0	1	0	0	1	0	0	0	0	0
241	Q7L1Q6_3__BZW1	0	0	0	0	0	0	0	0	0	0	1	0
242	Q15061__WDR43	0	0	0	0	0	1	0	1	0	1	0	0
243	C9IZQ1__SSR1	0	0	0	0	0	0	0	1	0	1	0	0
244	G5E9Q6__PFN2	0	0	0	1	0	0	0	0	1	0	0	1
245	P51572_2__BCAP31	0	1	0	1	0	0	0	0	0	0	0	0
246	O43324__EEF1E1	0	0	0	0	0	0	1	0	0	1	0	0
247	C9J281__PLA2G4F	0	0	0	0	0	0	0	0	0	1	0	0
248	P51965__UBE2E1	0	1	0	1	1	0	1	1	1	1	0	0
249	P30876__POLR2B	0	0	0	0	0	1	0	0	1	1	0	1
250	C9J4G0__C17orf49_BAP18	0	1	0	0	1	0	0	0	1	1	0	0
251	P51692__STAT5B	1	0	0	0	0	0	0	0	0	0	0	0
252	P61513__RPL37A	1	1	2	1	1	1	0	1	1	2	0	2
253	P55327_3__PrLZ_TPD52	0	1	0	0	2	1	0	0	1	1	1	0
254	F8WA42__SUMF2	0	0	0	0	0	1	0	0	0	0	0	0
255	C9J6P4__ZC3HAV1	0	0	0	0	0	0	0	0	0	0	0	0
256	Q8WXC9__NDUFA10	0	0	0	0	0	0	1	0	1	0	0	0
257	C9J7E5__TNPO3	1	1	0	1	1	1	1	0	1	1	1	1
258	F8VZ95__C21orf59	0	0	0	0	0	0	0	0	0	0	0	0
259	Q13724__MOGS	0	1	0	1	0	0	0	0	1	0	0	0
260	P36543__ATP6V1E1	1	0	0	0	0	0	0	0	0	1	0	1
261	P51649_2__ALDH5A1	1	1	0	0	0	0	1	1	0	0	1	1
262	C9J8T6__COX17	1	0	1	1	0	1	1	0	0	1	1	1
263	P08865__RPSA_RPSAP58	2	3	2	3	3	2	5	6	5	3	4	1
264	Q03701__CEBPZ	1	0	0	0	0	0	0	1	0	1	0	0
265	C9JA08__NMD3	0	0	0	0	1	0	0	0	0	0	0	0
266	Q8TC07_3__TBC1D15	0	0	0	0	0	1	0	1	0	0	1	0
267	Q16629__SRSF7	3	1	0	2	0	1	2	4	1	1	3	1
268	Q9C0D9__EPT1	0	0	0	0	0	1	0	0	0	0	0	0
269	O15042__U2SURP	0	0	0	0	0	1	0	0	0	0	0	0
270	C9JCC6__DRAP1	1	1	0	1	2	0	2	1	0	1	1	0
271	Q13907_2__IDI1	0	1	0	0	0	1	0	0	1	0	0	1
272	P09110__ACAA1	1	0	0	0	0	0	0	0	1	0	0	0
273	Q15738__NSDHL	0	0	0	0	0	0	0	1	0	0	0	0
274	C9JEH3__AAMP	0	0	0	0	0	0	0	1	0	0	0	0
275	Q9UJ70_2__NAGK	1	1	0	0	0	0	0	0	0	0	0	0
276	Q8IX18__DHX40	1	0	0	0	1	0	1	0	0	1	0	0
277	Q13098_6__GPS1	0	0	0	0	1	0	0	0	0	0	0	0
278	P99999__CYCS	3	0	0	1	1	1	1	4	2	0	1	1
279	Q8IZL8_2__PELP1	0	1	2	0	2	1	1	1	2	3	2	1
280	C9JIF9__APEH	0	1	0	0	0	1	2	0	0	1	0	1
281	O95777__NAA38	0	0	0	1	0	0	0	1	1	0	0	0
282	C9JJ19__MRPS34	1	1	1	1	1	2	1	1	1	2	1	1
283	O95630__STAMBP	0	0	0	0	0	0	0	0	1	0	0	0
284	I3L4Q0__FAM195B	0	0	0	0	0	1	0	0	0	0	0	0
285	O95104__SCAF4	0	1	0	0	0	1	0	0	0	1	0	0
286	P83731__RPL24	1	3	0	1	0	1	2	1	0	2	2	1
287	F8WAR4__CHCHD3	0	0	1	0	0	1	0	0	0	0	1	0
288	C9JSL2__PITRM1	1	1	0	0	0	0	0	0	0	1	0	1
289	E9PAL9__NT5DC2	1	2	0	1	1	0	0	0	1	0	0	0
290	P35249__RFC4	0	0	0	1	2	2	2	0	0	1	2	1
291	O60716__CTNND1	0	2	0	1	1	1	1	0	1	1	2	1
292	P09543__CNP	1	0	0	0	0	0	1	0	1	1	0	0
293	CON__ENSEMBL:ENSBTAP00000016242__TUBA1B_TUBA4A	24	28	19	28	26	27	26	22	18	16	21	19
294	CON__P00761__	3	4	3	3	3	3	3	2	2	4	3	3
295	CON__P01966__	0	0	0	0	0	2	0	0	1	0	1	1
296	CON__P02768_1__ALB	0	3	2	0	0	0	0	0	0	0	0	0
297	CON__P02769__	0	0	0	0	1	0	0	2	9	9	0	0
298	CON__P04264__KRT1	3	1	0	0	1	1	1	0	0	1	2	1
299	CON__P60712__ACTB	0	0	0	1	1	1	1	1	1	0	1	2
300	CON__P81644__	0	0	0	1	0	0	0	0	0	0	1	0
301	CON__Q3SX09__	2	2	2	3	3	2	2	4	4	3	3	4
302	CON__Q3ZAW8__	0	0	0	0	0	0	0	0	0	0	0	0
303	CON__Q3ZBS7__	1	1	0	0	0	0	1	1	0	2	0	1
304	E9PFM1__EIF4G1	1	4	1	0	2	2	2	2	2	3	1	3
305	D3DQV9__EIF4G2	0	1	0	0	1	2	1	2	1	2	0	0
306	F8W727__RPL32	0	1	0	2	1	0	0	1	0	0	0	1
307	Q06265_2__EXOSC9	0	1	0	1	0	0	0	0	0	0	0	1
308	E9PF82__CAMK2D	0	1	0	0	0	0	0	0	0	0	0	0
309	Q9BUT1__BDH2	0	0	1	0	0	0	0	1	0	0	0	0
310	Q9UHY7__ENOPH1	0	0	1	0	0	0	1	0	1	0	1	0
311	P57088__TMEM33	0	1	0	1	0	0	0	0	0	0	0	0
312	Q53GG5__PDLIM3	1	0	0	0	0	0	0	0	0	0	1	0
313	P61077_3__UBE2D3_UBE2D2	0	0	0	0	0	0	0	0	0	1	0	0
314	Q13423__NNT	1	2	0	0	1	1	1	1	1	1	0	0
315	P02545__LMNA	3	2	0	2	2	2	3	1	1	2	2	1
316	D6RFN0__COPS4	2	1	1	1	1	0	0	0	2	0	1	0
317	D6RB78__PDLIM5	1	0	1	2	0	0	0	0	1	0	1	1
318	D6RB93__ZNF451	0	0	0	0	1	1	0	1	1	0	1	0
319	Q9NX24__NHP2	1	0	0	0	1	0	0	1	0	0	1	1
320	D6RCF4__CISD2	0	0	0	0	0	1	0	0	0	0	0	0
321	Q9UNQ2__DIMT1	0	0	0	0	0	1	0	0	0	0	0	0
322	Q6PGP7__TTC37	0	0	0	0	0	0	0	0	0	1	0	0
323	Q96CN7__ISOC1	0	0	1	1	0	0	0	0	0	1	1	1
324	D6REC4__	1	0	0	0	1	0	1	0	0	0	0	0
325	O75116__ROCK2	0	0	0	0	0	1	0	0	0	0	0	0
326	P48729__CSNK1A1_CSNK1A1L	0	0	0	0	0	0	0	0	0	0	1	0
327	P12081__HARS	1	1	1	2	0	1	1	1	0	0	0	0
328	Q9NVA2_2__9_11_2013	0	0	0	0	1	0	0	0	0	0	0	0
329	E9PF86__PGM3	0	0	0	0	1	0	0	0	0	0	0	0
330	J3KNF8__CYB5B	0	0	0	0	1	0	1	1	1	1	2	1
331	P31040__SDHA	2	2	3	3	1	1	2	2	2	5	2	2
332	H0UI06__COX7A2	0	0	0	0	0	0	0	0	0	0	0	0
333	D6RH22__OSTC	0	1	0	0	0	1	1	1	0	0	0	0
334	Q14498__RBM39	3	1	1	2	2	1	2	2	1	2	2	3
335	Q32P28_3__LEPRE1	0	0	0	0	0	0	1	0	0	0	0	0
336	Q9H2U2_2__PPA2	1	0	0	0	1	0	1	2	0	1	0	0
337	Q8TDG4__HELQ	0	0	0	0	0	0	0	0	0	0	0	0
338	E5KLJ5__OPA1	0	0	0	0	1	0	0	1	0	0	1	0
339	Q8WVJ2__NUDCD2	0	0	0	0	0	1	0	0	0	0	0	0
340	O94903__PROSC	0	0	0	1	0	0	0	0	0	0	0	0
341	Q9UI12__ATP6V1H	0	0	0	0	0	0	0	0	1	0	0	0
342	Q12797__ASPH	0	1	0	1	1	0	1	0	1	0	0	0
343	O75608__LYPLA1	1	0	0	1	1	1	2	0	1	0	1	1
344	Q93045_2__STMN2	0	0	0	1	0	1	1	0	1	0	0	1
345	Q9P015__MRPL15	0	0	0	0	0	0	0	0	0	0	1	0
346	Q15369__TCEB1	0	0	0	1	1	1	1	1	0	2	0	1
347	O94905__ERLIN2_ERLIN1	0	0	0	0	0	1	1	0	0	0	1	0
348	Q9NPA8__ENY2	1	0	0	0	0	0	0	1	1	1	0	0
349	P52758__HRSP12	0	0	0	1	0	0	0	0	1	0	0	1
350	P62888__RPL30	0	1	2	2	1	2	2	3	2	1	1	1
351	E5RJD8__TBCA	2	3	2	1	0	1	0	3	1	0	1	2
352	O00203__AP3B1	0	0	0	0	0	1	0	0	0	2	0	0
353	P11413_2__G6PD	0	0	0	0	0	0	1	0	0	2	1	0
354	Q7L5N1__COPS6	0	0	0	0	0	0	0	0	0	1	0	0
355	H3BND4__PDXDC1_PDXDC2P	1	0	0	0	0	0	0	0	0	0	0	0
356	O14617_5__AP3D1	1	1	0	1	0	1	1	0	1	1	0	1
357	Q13867__BLMH	0	0	0	1	0	0	0	0	0	0	0	0
358	P21964__COMT	0	0	0	0	0	0	0	0	1	0	0	0
359	Q9P0K7_2__RAI14	0	0	0	0	0	0	0	1	0	0	0	0
360	O60733__PLA2G6	0	0	0	0	0	0	0	0	1	0	0	0
361	Q8NF91__SYNE1	0	0	1	0	0	1	1	0	1	1	0	0
362	E7ENR4__HK1	1	2	1	1	2	1	1	1	1	1	1	0
363	E7ENU4__ADAR	1	0	0	1	2	1	0	0	3	2	1	0
364	P48643__CCT5	7	5	4	8	7	5	9	7	8	5	8	8
365	P53992__SEC24C	1	0	0	1	0	0	0	0	0	1	1	0
366	P50914__RPL14	0	0	1	1	1	0	1	1	0	1	0	0
367	Q9Y520_7__PRRC2C	0	0	0	0	0	0	0	0	0	0	0	1
368	O95372__LYPLA2	0	0	0	0	0	0	0	1	0	0	0	0
369	E7EPT4__NDUFV2	0	0	0	0	0	0	1	0	0	0	0	0
370	P37840__SNCA	0	0	0	0	0	0	0	0	0	0	1	1
371	Q9GZZ9__UBA5	0	0	0	0	1	0	0	0	0	0	0	0
372	E7EQD5__STXBP2	0	0	0	0	0	0	0	0	0	0	0	0
373	P15311__EZR	3	3	6	6	5	3	3	7	7	3	3	4
374	Q9UKV3__ACIN1	2	3	1	2	4	2	4	2	5	1	1	3
375	O15347__HMGB3	0	0	0	1	0	1	0	1	1	1	0	1
376	P61313__RPL15	2	3	0	4	2	1	3	1	3	1	1	3
377	Q13330__MTA1_MTA3	1	0	0	0	1	1	0	0	0	0	0	0
378	E7ERF4__ADSL	0	0	0	1	0	0	0	0	0	0	0	0
379	Q96EY1__DNAJA3	1	0	0	0	0	0	0	0	0	1	0	0
380	Q5R3I4__TTC38	1	0	0	0	0	1	0	0	0	0	1	0
381	E7ES43__HSPA4L	1	2	1	1	2	1	0	1	3	3	3	2
382	Q9H0A0__NAT10	0	0	0	0	0	0	0	1	0	0	0	0
383	P62847_4__RPS24	2	3	0	4	4	1	4	3	1	4	2	3
384	E7ETU3__CDC42	1	1	1	0	1	1	2	2	1	1	1	2
385	O00469_2__PLOD2	1	0	0	0	0	1	0	0	0	1	0	0
386	Q9Y6E2__BZW2	1	1	1	3	0	1	2	0	0	0	2	2
387	E7EU23__GDI2	3	4	4	8	7	8	7	7	4	4	7	5
388	P68400__CSNK2A1_hCG_21984	0	1	1	0	1	0	0	0	0	0	1	0
389	E7EUC7__UGP2	0	0	0	0	0	0	0	1	0	0	1	0
390	E7EUE1__ABCD3	0	1	1	0	1	0	1	1	2	1	2	3
391	P05091__ALDH2	0	1	0	1	0	0	0	1	1	0	0	0
392	Q12874__SF3A3	0	3	0	2	3	1	3	1	2	1	0	2
393	Q8IWZ3_6__ANKRD17_ANKHD1	1	0	0	0	0	0	0	0	0	0	1	0
394	P21283__ATP6V1C1	0	0	0	0	0	0	0	0	0	0	0	0
395	E7EW20__MYO6	1	0	1	0	1	2	1	2	3	1	0	1
396	Q13200__PSMD2	1	1	1	0	1	0	0	1	3	2	2	3
397	K7ESQ2__SPC24	0	0	0	0	0	0	1	0	0	0	0	0
398	P51991__HNRNPA3	3	4	1	4	4	6	5	5	2	10	7	4
399	Q9H2U1__DHX36	0	1	0	0	0	0	0	0	0	1	0	0
400	E7EWR4__CSTF2_CSTF2T	0	0	0	0	0	0	0	1	1	0	0	0
401	E7EWS7__UBE2L3	1	0	2	1	1	4	5	3	3	2	0	2
402	E9PF49__NDUFB9	0	0	0	0	0	0	1	0	0	0	0	0
403	E7EX17__EIF4B	4	12	3	3	7	7	5	8	5	5	8	5
404	Q9GZT8__NIF3L1	0	0	0	1	0	0	1	0	0	0	0	0
405	E9PAU2__RAVER1	0	0	3	0	0	1	1	0	1	0	1	1
406	E9PAV3__NACA	3	5	2	3	2	1	3	4	2	3	3	3
407	O00330__PDHX	0	0	0	2	0	0	0	0	0	0	0	0
408	E9PB21__GINS3	0	0	0	0	0	0	0	0	0	0	0	0
409	E9PB61__ALYREF	1	1	3	1	0	0	0	0	1	0	0	1
410	O00139_4__KIF2A	0	0	0	1	0	1	0	0	2	0	0	0
411	O75152__ZC3H11A	0	0	0	0	0	0	0	1	0	0	1	1
412	Q53H12__AGK	1	1	0	1	1	1	0	1	1	1	0	1
413	Q13144__EIF2B5	0	1	0	0	0	0	0	1	0	1	0	0
414	E9PC97__PHF6	0	0	0	2	0	1	1	2	1	0	1	1
415	P14324__FDPS	0	0	0	0	0	0	0	0	1	0	0	1
416	Q9Y4E8__USP15_USP11_USP4	0	1	0	0	0	0	0	0	0	0	0	0
417	E9PCR7__OGDH	2	0	0	2	1	1	1	0	1	1	0	0
418	P61962__DCAF7	0	1	0	1	0	0	0	0	2	0	0	0
419	Q02880__TOP2B	1	0	0	0	0	0	0	0	0	0	0	0
420	P23921__RRM1	0	1	1	2	2	1	0	0	0	1	2	1
421	O43795__MYO1B	0	0	0	1	0	1	0	0	0	0	0	0
422	Q9NNW5__WDR6	0	0	0	1	0	0	0	0	0	0	0	0
423	I3L0E3__MRPS17	0	0	0	0	0	0	0	0	0	0	1	0
424	E9PEB5__FUBP1	1	1	1	3	1	2	4	1	4	4	2	1
425	P50851__LRBA_NBEA	0	0	0	0	1	0	0	0	0	0	0	0
426	E9PEN8__XPO7	0	0	0	0	1	1	0	0	0	0	0	0
427	Q9UNP9_3__PPIE	0	0	0	2	0	0	0	0	0	0	0	0
428	Q16836_2__HADH	0	0	0	1	0	1	0	1	1	1	0	1
429	Q9Y4P3__TBL2	0	0	0	0	0	0	0	0	0	0	0	0
430	Q92747__ARPC1A	0	0	0	0	1	0	1	0	0	0	0	0
431	P05455__SSB	5	1	3	1	3	2	3	5	2	2	3	2
432	O60502__MGEA5	0	0	0	0	0	0	0	0	1	0	0	0
433	P30085__CMPK1	1	2	0	1	2	1	2	2	2	0	0	0
434	O14976__GAK	0	0	0	1	0	0	0	0	0	0	0	0
435	Q15631__TSN	0	0	0	0	0	0	0	0	0	0	1	0
436	P30048__PRDX3	3	4	0	4	1	1	6	4	1	4	5	3
437	P43246__MSH2	2	1	2	3	1	1	1	2	1	1	1	1
438	E9PHI6__DYNC1LI1	0	1	0	0	1	0	2	1	1	1	1	1
439	E9PHK9__TCOF1	0	3	1	2	0	0	2	1	0	0	0	0
440	F6XZQ7__GSTM2	1	0	0	0	0	1	0	1	1	1	0	1
441	O43491__EPB41L2	2	0	0	1	0	2	1	0	1	0	0	1
442	Q04206__RELA	0	0	0	0	0	1	0	0	0	0	0	1
443	E9PR47__C11orf67	0	0	0	0	1	0	0	0	0	0	0	0
444	Q04323_2__UBXN1	0	1	1	0	0	0	0	0	0	0	1	0
445	Q9P000__COMMD9	1	1	0	1	0	1	0	1	0	0	1	1
446	P54105__CLNS1A	1	0	0	0	0	0	0	0	0	1	1	0
447	E9PRY8__EEF1D	4	1	0	1	2	3	3	4	2	1	2	3
448	Q9NYF8__BCLAF1	1	1	1	0	2	1	1	2	0	1	2	2
449	G8JLI3__PPP6R3	0	0	0	1	0	0	0	0	0	0	0	0
450	H7C2I1__PRMT1	0	0	0	1	0	3	2	1	2	3	3	2
451	O00217__NDUFS8	1	1	1	0	1	1	3	1	0	1	1	1
452	P17480__UBTF	0	0	1	1	0	0	1	0	0	0	0	0
453	G5EA30__CELF1	0	0	0	1	0	0	1	0	0	1	1	0
454	Q9NRX2__MRPL17	1	0	0	1	1	0	0	0	0	0	1	0
455	Q15005__SPCS2	1	1	0	1	1	1	2	0	1	1	1	1
456	Q9Y4L1__HYOU1	0	2	2	2	3	3	1	3	2	1	2	1
457	Q9UNM6_2__PSMD13	1	1	0	0	0	0	1	0	2	0	1	0
458	P55786__NPEPPS	2	3	1	4	1	3	6	5	3	2	1	1
459	P46776__RPL27A	1	2	2	1	1	3	0	4	4	2	2	4
460	E9PLQ8__PSMC3	0	0	0	1	0	0	0	0	0	1	1	0
461	O43504__HBXIP	0	0	0	0	0	0	1	0	0	1	0	0
462	P17980__PSMC3	3	0	0	1	2	2	2	0	2	2	2	2
463	O00193__SMAP_C11orf58	0	0	0	0	0	0	0	0	0	1	0	1
464	E9PN81__RNASEH2C	0	0	0	0	1	1	0	0	0	0	1	0
465	J3KNE7__TPD52L1	0	0	0	1	0	0	0	0	0	0	0	0
466	Q8WVX9__FAR1	0	0	0	0	0	0	0	0	0	1	0	1
467	E9PQ57__RAE1	1	0	0	0	2	0	0	0	0	0	1	0
468	E9PQY2__PFDN4	0	0	0	0	0	0	1	0	0	1	0	0
469	Q12769__NUP160	0	0	0	0	0	1	0	2	1	0	1	0
470	E9PR30__FAU	1	0	0	0	0	0	0	0	1	0	0	0
471	E9PRZ1__SAAL1	0	0	0	0	0	0	0	0	0	0	1	0
472	Q9BSJ2_4__TUBGCP2	0	2	0	0	0	1	0	0	0	0	0	0
473	P05114__HMGN1	0	1	0	0	0	0	0	1	0	0	0	1
474	O00764__PDXK	1	0	0	3	2	0	0	0	0	0	0	0
475	P42766__RPL35	0	0	1	1	1	0	0	0	1	1	4	1
476	F5GWS9__ORAOV1	0	0	0	0	0	1	0	0	0	0	0	0
477	F5H2M7__WNK1	0	1	0	0	0	0	0	0	0	0	0	0
478	Q14839_2__CHD4_CHD5	0	0	0	0	1	0	2	0	1	0	1	0
479	Q9Y3B8__REXO2	0	1	0	0	0	0	1	1	0	0	0	0
480	O00233__PSMD9	0	0	0	0	1	0	0	0	0	0	0	0
481	Q99653__CHP	0	0	0	1	0	0	0	1	0	0	0	0
482	P26358_2__DNMT1	0	0	0	0	0	1	0	0	0	0	0	1
483	Q9UI30__TRMT112	0	1	0	1	1	1	1	1	0	0	1	0
484	Q13740__ALCAM	0	1	0	0	1	0	0	0	0	0	0	0
485	Q96PU8__QKI	1	1	0	0	1	1	0	1	0	0	2	1
486	Q99622__C12orf57	0	0	0	1	0	1	0	0	0	0	0	0
487	Q9UBW8__COPS7A	1	0	0	2	0	0	0	0	0	0	2	0
488	P43304__GPD2	0	1	0	1	1	1	0	1	1	1	0	1
489	F5GYL8__KPNA6_KPNA1_KPNA5	0	0	0	0	1	0	0	0	0	0	2	0
490	J3KR44__OTUB1	1	2	1	0	3	2	2	1	0	1	1	1
491	O60763_2__USO1	0	0	0	0	1	0	0	0	0	0	1	0
492	Q9BW83__IFT27_RABL4	0	0	0	0	0	0	0	1	0	0	0	0
493	P36776__LONP1	2	1	1	1	2	1	1	1	1	1	0	2
494	O14519__CDK2AP1	1	1	0	1	0	1	1	1	0	1	1	0
495	Q15021__NCAPD2	0	1	0	1	0	1	0	0	1	0	0	0
496	P08195_4__SLC3A2	2	2	0	1	2	1	1	0	0	1	3	2
497	H1ZZW1__CADM1	0	0	0	0	1	0	0	0	0	1	0	0
498	Q8IX12__CCAR1	1	1	0	1	0	0	0	0	1	0	0	0
499	F5H2S7__DCTN2	1	0	0	4	0	0	3	1	0	0	0	3
500	Q8NFW8__CMAS	0	0	0	1	1	0	0	0	1	1	1	1
501	F5H6H0__HMGA2	0	0	0	1	0	1	1	0	1	0	0	0
502	P61758__VBP1	0	0	1	0	0	0	0	0	0	0	0	0
503	P54687_5__BCAT1	0	0	0	0	0	0	0	0	0	0	0	0
504	F5H2F4__MTHFD1	2	7	3	6	4	4	5	5	5	3	6	3
505	P35520_2__CBS	0	0	0	0	0	0	0	0	0	1	0	1
506	P08397__HMBS	2	1	1	0	1	1	0	2	0	1	0	2
507	Q15276__RABEP1	1	0	0	0	0	0	0	0	0	1	0	0
508	Q15436__SEC23A	1	0	0	3	3	0	1	0	2	1	0	1
509	F5H3A1__ATP1A1	4	2	3	2	4	4	5	7	4	3	7	3
510	F5H3I5__CDK5RAP3	0	1	0	0	0	0	0	0	1	0	0	0
511	P30153__PPP2R1A	7	5	2	8	3	5	4	5	5	5	3	6
512	Q92572__AP3S1	0	0	0	1	0	0	1	0	0	0	0	0
513	Q8IZ83__ALDH16A1	0	1	0	0	0	0	1	1	0	0	1	0
514	F5H4S9__TJP3	0	0	0	1	0	0	0	0	0	0	0	0
515	Q8WUM0__NUP133	0	0	0	0	0	0	0	0	0	0	0	1
516	F5H5D3__TUBA1C	0	0	0	1	0	0	0	0	1	1	0	0
517	Q12849__GRSF1	0	0	0	1	0	0	0	0	1	0	0	0
518	Q8N684_3__CPSF7	0	0	0	0	0	0	0	0	0	0	0	0
519	O60907__TBL1X_TBL1Y_TBL1XR1	0	0	0	2	0	0	0	0	0	0	0	0
520	Q96A72__MAGOHB_MAGOH	2	1	0	2	2	1	0	1	1	1	1	1
521	P09496__CLTA	2	2	0	1	2	1	2	2	0	0	0	2
522	F5H740__VDAC3	1	0	0	1	0	0	0	0	0	0	1	2
523	P10515__DLAT	2	3	1	2	2	3	3	1	2	0	2	1
524	P51970__NDUFA8	1	1	0	0	0	1	0	1	1	2	0	0
525	J3KN36__NOMO2_NOMO3_NOMO1	0	0	0	0	1	0	0	0	0	0	0	0
526	Q12931__TRAP1	4	3	2	2	3	2	2	3	4	3	2	2
527	F5H8B1__PCYT2	0	0	0	1	0	0	0	0	0	0	0	0
528	F5HFY4__NAP1L4b_NAP1L4	3	3	3	4	6	4	5	3	2	5	4	3
529	P60981__DSTN	1	0	0	0	0	0	0	0	0	0	0	0
530	F6S0T5__KDM1A	0	0	0	0	0	1	0	0	0	0	0	0
531	Q9NSE4__IARS2	1	0	0	3	0	0	2	0	2	0	0	1
532	Q6L8Q7__PDE12	0	0	0	0	1	0	0	0	0	0	0	0
533	F6XY72__NME2	0	0	0	0	0	0	1	0	1	0	0	0
534	P27708__CAD	4	4	2	0	2	3	5	6	5	3	2	4
535	F8VQ10__DDX39B_BAT1_DDX39A	8	6	3	6	6	5	6	5	3	6	4	3
536	Q9UHB6__LIMA1	0	1	0	0	0	0	0	0	0	0	0	1
537	Q9HB07__C12orf10	0	1	0	1	1	0	0	0	1	0	0	0
538	Q9BZF1__OSBPL8	0	0	0	0	0	0	0	0	1	0	0	1
539	P09651__HNRNPA1_HNRNPA1L2	10	5	10	9	12	12	9	12	9	9	13	9
540	Q12792__TWF1	0	1	0	0	1	2	0	2	1	0	0	1
541	F8VVA7__COPZ1	0	0	1	0	1	1	1	0	1	1	0	1
542	Q00325_2__SLC25A3	1	1	1	1	2	2	2	1	0	1	1	2
543	J3QQ67__RPL18	4	1	1	1	1	1	3	1	1	2	2	2
544	F8VXC8__SMARCC2	1	0	0	1	0	1	0	1	0	0	1	0
545	F8VXU5__VPS29	0	0	1	1	2	1	0	1	0	1	1	1
546	P36873_2__PPP1CC	5	2	1	5	1	3	6	2	6	4	5	6
547	Q9BVA6__FICD	0	1	1	0	0	0	0	0	0	0	0	0
548	B7Z6Z4__MYL6	2	2	2	1	1	4	2	2	1	3	4	3
549	F8W031__CNPY2	2	2	1	2	3	2	2	3	1	3	2	1
550	P54819__AK2	2	3	2	4	3	2	3	3	3	1	3	1
551	P35580_4__MYH10	3	1	1	4	5	4	2	3	4	3	4	4
552	P43897_2__TSFM	0	0	0	0	1	1	0	0	0	0	0	0
553	Q14157_5__UBAP2L	2	2	2	4	3	2	4	2	2	1	4	2
554	O00461__GOLIM4	0	0	0	0	0	0	0	0	0	0	0	0
555	Q9NVI1__FANCI	1	1	0	2	1	1	1	2	1	1	3	1
556	Q9BYJ9__YTHDF1_YTHDF3	0	0	1	0	0	0	0	0	0	0	0	0
557	P35221_2__CTNNA1	0	0	0	0	1	1	2	0	0	1	0	1
558	REV__Q15075__MX1	0	0	0	0	0	0	1	0	0	0	0	0
559	Q9NQC3__RTN4	1	1	0	1	1	1	1	1	1	1	2	0
560	F8W930__IGF2BP2	1	4	0	2	2	1	1	1	2	1	2	0
561	Q8N7H5__PAF1	0	1	0	0	0	0	0	0	1	1	0	0
562	Q9UDR5__AASS	0	0	0	0	0	0	0	0	0	0	0	0
563	Q8N3U4_2__STAG2	0	2	0	1	0	0	0	0	0	0	0	0
564	Q9NQ50__MRPL40	0	0	0	0	1	0	0	1	1	0	0	0
565	H0Y7A7__CALM2_CALM1	1	2	0	1	0	1	1	1	2	1	1	0
566	P59998_2__ARPC4_ARPC4_TTLL3	0	1	0	0	0	1	0	0	0	0	0	0
567	F8WCY5__RCN2	1	2	0	1	1	0	2	1	1	0	0	2
568	Q9BVJ6__UTP14A_UTP14C	1	1	0	0	1	0	0	0	1	0	0	0
569	Q9NY93__DDX56	0	0	0	0	0	0	1	0	0	0	0	0
570	F8WE14__CALN1	1	0	0	0	0	0	0	1	0	1	0	0
571	Q8TBC4__UBA3	0	0	1	0	0	0	0	0	0	1	0	0
572	Q16630_2__CPSF6	0	0	0	1	1	0	0	1	0	1	0	1
573	O43913__ORC5	0	0	0	1	0	0	0	0	0	0	0	0
574	P49821__NDUFV1	1	1	0	1	1	0	0	0	0	0	1	0
575	Q14444__CAPRIN1	4	1	1	1	1	0	0	0	2	5	1	0
576	G3V180__DPP3	0	0	0	1	0	0	0	0	1	1	1	0
577	Q9BZZ5__API5	0	1	1	2	1	0	1	2	3	1	2	1
578	Q9NUP9__LIN7C	0	0	0	0	0	0	0	0	0	0	1	0
579	Q9UHB9__SRP68	1	2	0	0	1	3	1	3	0	2	2	0
580	Q71U36__TUBA1A_TUBA3C_TUBA3E	1	1	0	2	0	0	0	2	2	2	1	1
581	P45973__CBX5	0	0	0	0	0	1	0	0	1	0	0	0
582	Q6PJT7__ZC3H14	0	0	0	0	1	0	0	0	0	0	0	0
583	G3V5Z7__PSMA6	0	2	0	2	2	2	1	0	2	2	0	1
584	G3V2J9__TTLL5	0	0	0	0	0	0	0	0	0	1	0	0
585	Q8N8N7__PTGR2	1	0	0	1	0	0	0	1	0	1	0	0
586	G3V325__PTCD1_ATP5J2	1	0	0	0	0	0	0	0	2	0	0	1
587	G3V3A4__SNW1	1	0	0	1	0	0	0	1	0	0	0	0
588	Q96JQ2__CLMN	1	1	0	0	0	0	1	0	0	0	0	0
589	P27695__APEX1	0	0	0	1	0	2	0	0	0	0	1	2
590	G3V4P8__GMFB	0	1	1	0	1	0	0	0	0	0	0	1
591	P61011__SRP54	1	0	0	2	0	0	0	0	0	0	0	0
592	Q9ULT8__HECTD1	0	0	0	1	0	0	0	0	0	0	0	0
593	Q9Y281__CFL2	1	1	0	1	1	0	1	1	1	1	1	1
594	Q9NPL8__TIMMDC1	0	0	0	0	0	0	0	1	0	0	0	1
595	P51003__PAPOLA	1	0	0	0	0	0	0	0	0	0	0	0
596	Q96M27_2__PRRC1	1	0	0	0	0	1	0	0	0	0	0	1
597	P42167__TMPO	1	0	0	1	0	0	0	0	1	1	0	0
598	Q15555__MAPRE2	0	0	0	0	0	1	0	0	0	0	0	0
599	G5E9Q2__CSDE1	1	1	0	2	1	0	0	1	1	1	1	1
600	Q92734__TFG	0	0	1	1	0	0	1	0	0	0	1	0
601	Q9UKF6__CPSF3	0	0	0	1	0	0	0	0	0	0	0	1
602	P30101__PDIA3	6	9	7	4	11	4	6	9	4	7	7	5
603	Q06787__FMR1	0	0	0	1	0	0	1	0	1	1	1	0
604	Q9NQW7_3__XPNPEP1	0	0	0	2	0	0	0	1	1	0	0	0
605	G8JLB6__HNRNPH1	7	6	5	6	6	5	10	4	8	5	4	4
606	Q3YEC7_2__PARF_C9orf86	0	0	0	0	1	1	0	0	1	1	1	1
607	Q9H6R4__NOL6	1	0	0	0	0	0	0	0	0	0	1	0
608	P35237__SERPINB6	1	0	0	0	0	0	1	1	1	1	1	1
609	O95470__SGPL1	0	0	0	0	0	1	0	0	0	0	0	0
610	Q9UBI1__COMMD3	0	0	0	0	0	0	1	1	0	0	0	1
611	Q9NR50__EIF2B3	0	0	0	0	0	0	1	0	0	0	1	1
612	J3KQN4__RPL36A_RPL36AL	0	1	0	1	0	1	1	1	0	0	0	0
613	P06132__UROD	0	0	1	0	1	0	0	0	0	0	1	0
614	Q9BYD6__MRPL1	1	1	0	0	1	0	1	1	0	1	0	0
615	H0Y8X4__C6orf108_RCL	0	0	0	1	0	2	3	1	0	0	3	1
616	P07686__HEXB	0	0	0	0	0	1	0	0	0	0	0	0
617	P29218_3__IMPA1	1	1	0	1	0	2	1	0	0	1	1	1
618	Q69YN4__KIAA1429	0	0	0	0	1	0	1	0	0	0	0	0
619	Q9Y3B7__MRPL11	0	0	0	0	0	1	0	0	0	0	0	1
620	Q3LXA3__DAK	0	1	0	1	0	0	0	0	1	0	1	0
621	P53041__PPP5C	1	1	1	3	1	1	1	0	0	2	0	0
622	P15880__RPS2	4	4	1	2	2	3	2	5	6	1	2	9
623	Q96T23__RSF1	0	0	0	1	1	0	0	0	0	0	0	0
624	H0YF61__SCP2	0	0	1	0	0	0	0	0	0	0	0	0
625	Q8NE71__ABCF1	0	1	0	2	1	2	1	1	1	1	1	0
626	Q13242__SRSF9	0	2	1	0	2	2	0	5	3	1	3	0
627	Q9NVM6__DNAJC17	0	0	0	0	0	0	0	0	0	0	1	0
628	P33316__DUT	3	1	0	2	0	3	2	3	1	2	3	3
629	H0YKD8__RPL28	0	2	0	0	0	0	2	2	2	1	0	0
630	H0YKE1__GMPR2	0	0	0	0	0	0	0	0	1	0	0	0
631	P25789__PSMA4	1	3	1	2	0	0	1	2	2	3	1	2
632	P37108__SRP14	1	0	0	1	1	0	1	1	0	0	0	0
633	J3KP77__POU2F1_POU2F2_POU2F3	0	0	0	0	0	0	0	0	0	0	0	0
634	O94788__ALDH1A2	1	0	0	1	0	1	0	0	1	1	1	1
635	Q96A47__ISL2	0	0	0	0	0	0	0	0	0	0	0	0
636	Q9GZS3__WDR61	0	2	0	2	2	0	1	0	1	0	2	0
637	Q9NYL9__TMOD3	0	0	0	0	0	1	0	0	0	0	0	0
638	J3KP14__VPS13D	0	0	0	0	0	0	0	1	0	0	0	0
639	O43488__AKR7A2	1	1	0	1	0	0	2	1	0	1	2	0
640	H3BLZ8__DDX17	5	6	3	11	6	5	6	2	4	4	4	6
641	Q15287__RNPS1	0	0	0	0	1	0	0	0	0	0	0	0
642	H3BQK0__DDX19B	0	1	0	1	1	1	0	0	1	0	0	0
643	Q9GZU8__FAM192A	0	0	0	0	0	0	1	0	0	0	0	1
644	P34949__MPI	0	0	0	0	0	0	0	1	0	0	0	0
645	Q9Y4X5__ARIH1	0	0	0	0	0	0	0	0	1	0	0	1
646	Q9Y2V2__CARHSP1	0	0	0	0	0	0	0	0	0	0	0	0
647	P22695__UQCRC2	0	0	0	0	0	0	0	0	0	0	2	0
648	P42126__ECI1_DCI	1	0	0	0	1	0	1	1	1	1	0	0
649	H3BQK9__MACF1	0	0	0	1	0	0	1	1	0	0	0	0
650	P60520__GABARAPL2	0	0	0	1	1	0	0	0	0	0	0	0
651	Q99613__EIF3C_EIF3CL	4	4	2	4	1	0	2	0	4	1	1	4
652	P19784__CSNK2A2	0	0	0	0	1	0	0	0	0	0	0	1
653	H3BSH7__CIRH1A	0	0	0	0	1	0	0	1	0	0	1	0
654	Q8WWM7_3__ATXN2L	1	0	0	1	0	0	0	1	1	0	0	1
655	P41240__CSK_MATK	0	0	0	0	0	0	2	0	0	0	0	0
656	Q9ULX3__NOB1	0	0	0	0	1	0	1	0	0	0	0	1
657	H3BVG0__NUP93	0	1	0	0	0	1	0	1	0	1	1	0
658	Q9UNF1__MAGED2	0	0	0	0	0	0	0	0	0	0	0	0
659	H7BXW7__BRP44L	0	0	0	0	0	0	0	1	0	0	0	0
660	Q7L2E3_2__DHX30	3	1	1	1	0	2	1	1	0	1	2	2
661	Q9Y5Q8_3__GTF3C5	1	1	0	1	1	1	2	1	0	1	2	1
662	Q16718__NDUFA5_DKFZp781K1356	2	1	1	2	0	1	1	1	0	1	0	0
663	H7BYM6__HMGA1	0	0	0	0	1	0	0	0	0	0	1	1
664	Q5VT66_2__3_1_2013	1	0	0	0	0	0	0	0	1	0	1	0
665	Q8TCS8__PNPT1	0	0	0	1	0	0	0	1	0	1	0	0
666	H7BZJ3__PDIA3	2	0	1	0	0	0	0	0	0	0	0	0
667	Q9BXW9__FANCD2	0	0	0	0	0	0	0	0	1	0	0	0
668	H7BZT4__SUMO2_SUMO3_SUMO4	0	1	1	0	1	0	0	2	0	0	2	1
669	O75312__ZNF259	0	0	0	0	0	1	0	0	0	0	1	0
670	H7C1E4__AP1S1	0	0	0	0	0	0	0	0	0	1	0	0
671	P30042__C21orf33	2	1	0	2	0	0	1	0	2	0	0	1
672	Q9BUR5__APOO	0	0	0	0	0	0	0	0	0	0	0	0
673	Q9BWU0__SLC4A1AP	0	0	0	0	0	0	0	0	0	0	0	0
674	H7C2Q8__EBNA1BP2	0	0	0	1	0	0	1	0	1	0	0	0
675	P50502__ST13_ST13P5_ST13P4	3	1	1	2	2	3	2	1	0	2	0	2
676	H7C455__	0	1	0	1	1	0	0	0	0	1	1	0
677	Q8N766__KIAA0090	0	0	0	0	0	0	1	1	1	0	1	0
678	Q9Y5M8__SRPRB	0	0	0	0	1	0	0	0	0	0	0	0
679	I1E4Y6__GIGYF2	1	0	0	2	0	0	0	0	2	0	2	2
680	Q9NUU7__DDX19A	1	1	0	1	1	1	0	2	2	1	1	1
681	Q9BRA2__TXNDC17	2	1	1	1	1	1	0	0	1	1	0	0
682	O43448__KCNAB3	0	1	0	0	1	0	0	0	0	0	0	0
683	Q02978__SLC25A11	1	3	2	0	2	1	0	2	0	1	1	2
684	P46108__CRK	2	0	0	0	1	0	0	2	1	2	1	2
685	P57678__GEMIN4	0	0	0	0	0	0	1	1	0	0	1	1
686	P43034__PAFAH1B1	1	0	1	0	0	0	0	1	0	1	0	0
687	I3L504__EIF5A_EIF5AL1_EIF5A2	6	6	5	7	4	6	9	6	5	5	5	7
688	P62244__RPS15A	1	2	1	0	0	2	1	3	3	1	3	1
689	Q9HC38__GLOD4	0	3	0	1	0	0	0	1	2	0	2	0
690	Q9UN37__VPS4A_FIGNL1	0	0	0	1	0	0	0	0	0	0	0	0
691	P35613__BSG	0	1	1	2	1	0	0	1	0	2	1	1
692	J3QS41__HELZ	1	0	0	0	0	0	0	0	0	0	0	0
693	Q99567__NUP88	0	0	0	0	0	0	1	1	1	0	0	0
694	Q9GZT3__SLIRP	0	2	1	1	1	0	1	0	1	1	1	0
695	Q16134__ETFDH	0	0	0	0	1	0	0	0	0	1	0	0
696	J3KNF5__CEP290	0	1	0	0	0	0	0	0	0	0	0	0
697	J3KNL6__SEC16A	0	1	0	0	0	0	0	0	0	0	0	0
698	Q16658__FSCN1	1	0	1	1	1	1	1	0	2	1	3	2
699	Q01130__SRSF2_SFRS2	3	2	0	2	1	0	2	1	2	2	3	0
700	J3KPP4__LUC7L3	1	0	1	1	0	1	1	1	1	0	1	1
701	P33991__MCM4	2	6	3	3	4	5	2	3	2	4	2	4
702	J3KPV7__MPST	0	2	0	1	2	1	0	0	1	1	1	2
703	J3KPX7__PHB2	8	3	3	9	2	5	5	5	6	4	3	2
704	J3KQ32__OLA1	1	2	2	1	2	1	1	2	1	1	1	2
705	J3KQ48__PTRH2	0	1	0	2	1	1	0	0	0	1	1	0
706	J3KQ73__FKBP8	0	1	0	0	0	0	0	0	0	1	0	0
707	J3KQB0__THUMPD1	0	0	0	0	0	0	0	0	0	0	0	0
708	P04062__GBA	1	1	0	0	0	0	1	0	0	0	1	1
709	J3KQG6__GSPT2_GSPT1	0	0	0	1	2	1	1	0	1	0	0	0
710	Q13951_2__CBFB	0	0	0	0	0	0	0	0	0	0	0	1
711	Q8TF05__PPP4R1	0	1	0	0	1	1	0	0	0	1	0	1
712	J3QL51__RPL17	1	0	1	2	0	2	2	0	1	0	1	1
713	P83916__CBX1	0	0	2	0	0	0	1	2	0	0	0	0
714	Q7Z4W1__DCXR	0	1	0	0	0	0	0	1	1	0	1	0
715	O43670_4__ZNF207	0	0	0	0	1	0	1	0	0	0	0	0
716	J9JIE6__TMCO1	0	1	0	0	0	0	0	0	0	1	1	1
717	Q96KP4__CNDP2	0	1	0	0	1	0	0	0	1	0	0	1
718	P63173__RPL38	2	2	0	2	2	1	2	1	0	3	2	2
719	J3KTA4__DDX5	3	5	5	5	2	2	4	5	3	4	3	3
720	P84098__RPL19	2	0	4	2	1	2	1	2	2	1	3	2
721	J3QQX2__ARHGDIA	1	3	2	4	4	6	5	4	5	2	4	2
722	J3KTL2__SRSF1	3	2	2	3	3	4	5	3	1	2	4	2
723	J3QK89__CHERP	0	1	0	0	0	0	0	0	0	0	0	0
724	J3QK90__NSFL1C	0	0	1	0	0	0	1	0	1	2	1	1
725	Q9P0L0_2__VAPA	1	0	0	0	1	0	2	0	0	0	1	0
726	P49720__PSMB3	2	2	0	1	1	2	0	1	2	2	2	1
727	Q13045__FLII	0	0	0	0	1	0	1	0	1	1	0	1
728	P62314__SNRPD1	0	1	2	1	0	0	2	0	0	0	2	1
729	Q9Y3D9__MRPS23	0	0	0	0	1	1	0	1	0	1	0	0
730	J3QL43__	0	0	0	0	0	1	0	1	0	1	0	0
731	P51648_2__ALDH3A2	1	1	0	0	0	0	1	0	1	0	0	0
732	P42771_4__CDKN2A	3	1	1	1	1	2	3	1	0	3	1	1
733	O94832__MYO1D	1	2	0	1	0	1	2	1	1	1	0	0
734	O14745__SLC9A3R1	0	1	1	0	0	0	0	0	0	0	1	0
735	J3QRS3__MYL12B_MYL12A	0	0	0	0	0	1	0	0	0	0	0	1
736	O76021__RSL1D1	1	0	0	3	2	0	1	1	2	1	0	0
737	J3QT22__PPME1	0	0	0	0	0	0	0	0	0	1	0	0
738	O43684__BUB3	1	1	1	3	2	0	4	3	0	2	1	1
739	J9JID7__LMNB2	0	0	0	0	1	0	1	0	1	0	1	1
740	Q13085_4__ACACA	0	0	0	0	0	0	0	0	0	0	0	0
741	O95983__MBD3	1	0	0	2	0	0	1	1	0	1	0	1
742	O75153__KIAA0664	0	0	0	1	0	1	0	0	0	0	0	0
743	Q8IYT4__KATNAL2	0	1	0	0	0	0	1	1	1	0	0	0
744	Q9BV38__WDR18	0	0	0	0	0	1	0	0	0	0	0	0
745	Q9UHD8__9_9_2013	0	1	0	0	0	0	0	0	0	0	1	1
746	Q53F39__MPPE1	0	0	0	0	1	0	0	0	0	0	0	0
747	Q6P1N0__CC2D1A	0	0	0	0	0	0	0	0	0	0	1	0
748	P84243__H3F3A_HIST3H3_H3F3C	0	1	1	0	0	0	2	1	2	0	2	0
749	Q9BYD3__MRPL4	0	0	0	0	1	0	0	0	0	0	0	0
750	P36954__POLR2I	0	0	1	1	0	0	0	0	0	0	0	0
751	Q9BRG1__VPS25	0	0	0	0	0	0	0	1	0	0	0	0
752	K7ELC2__RPS15	0	0	0	0	1	0	0	1	0	0	0	0
753	K7ELG9__LSM12	0	0	0	1	0	1	0	0	0	0	0	0
754	K7ELJ7__CAPNS1	0	0	0	1	0	0	0	0	1	0	0	0
755	K7ELL7__PRKCSH	0	2	3	0	2	3	2	2	1	0	1	3
756	P10644__PRKAR1A	0	0	0	0	1	0	0	0	0	0	0	0
757	K7EM18__EIF1_EIF1B	1	0	1	1	1	0	0	2	1	2	0	0
758	Q9BV20__MRI1	0	0	1	1	0	0	0	0	0	0	0	0
759	Q13526__PIN1	2	1	1	2	0	2	1	1	1	2	2	2
760	P61289_2__PSME3	3	2	0	1	5	2	2	2	3	1	2	1
761	O43148_2__RNMT	1	1	0	0	1	0	0	0	1	1	1	0
762	P52888__THOP1	1	1	0	1	1	0	0	2	1	1	1	0
763	O95155__UBE4B	0	0	0	0	0	0	1	0	0	1	0	0
764	Q9BTD8__RBM42	0	0	0	0	0	0	0	0	0	0	0	0
765	P58317__ZNF121	0	1	0	0	0	0	0	0	0	0	0	1
766	Q92804__TAF15	0	1	1	1	1	0	1	2	0	0	0	1
767	Q96EP5__DAZAP1	1	1	1	2	1	1	2	1	0	0	2	1
768	Q9BRP1__PDCD2L	0	0	0	0	0	1	1	1	1	0	0	0
769	O60664__PLIN3	1	1	0	1	1	2	0	1	2	0	1	1
770	Q9NXH9__TRMT1	0	0	0	1	1	0	0	0	1	1	0	2
771	Q9H0R4__HDHD2	0	1	0	1	0	0	0	1	1	0	1	1
772	Q9NVX2__NLE1	0	0	0	0	0	0	0	0	1	1	0	0
773	K7ERV3__TK1	1	0	0	0	0	0	0	0	1	0	0	0
774	P50570__DNM2	1	1	0	1	0	1	2	1	1	1	2	1
775	Q9BQ67__GRWD1	0	0	0	0	1	0	0	0	0	0	0	1
776	M0QXB4__COPE	0	0	1	1	0	1	3	0	1	1	4	0
777	M0QYN0__C19orf10	0	0	1	0	0	0	0	0	0	0	1	1
778	O43615__TIMM44	1	1	0	0	0	0	0	0	1	0	0	0
779	M0QXZ5__ZNF428	0	1	0	0	0	0	0	0	0	0	0	0
780	Q9UPT8__ZC3H4	0	1	0	0	0	0	1	0	0	1	0	1
781	Q99961__SH3GL1	0	0	0	0	0	0	0	1	0	0	0	1
782	M0R2B7__POLD1	1	1	0	0	1	1	2	2	1	0	1	2
783	Q3ZCQ8_2__TIMM50	0	0	0	0	1	0	0	0	0	0	0	0
784	P46782__RPS5	4	0	3	3	3	2	4	3	2	2	1	1
785	P54920__NAPA	0	0	0	0	0	0	0	0	0	1	1	0
786	Q16740__CLPP	0	0	0	0	0	0	1	0	0	0	0	0
787	P09012__SNRPA	1	0	0	0	0	0	0	1	0	0	0	0
788	Q15642__TRIP10	0	0	0	0	0	0	0	0	0	0	0	0
789	O00116__AGPS	1	1	0	2	0	1	2	1	0	0	1	0
790	O00151__PDLIM1	0	2	0	1	1	1	1	2	0	0	1	0
791	O00170__AIP	0	0	0	1	1	1	1	0	1	2	0	1
792	O00178__GTPBP1	0	1	0	0	0	0	0	1	0	1	0	0
793	O00231_2__PSMD11	1	3	1	3	0	1	1	1	1	1	1	1
794	O00232__PSMD12	0	0	0	1	0	0	0	0	0	1	0	0
795	O00264__PGRMC1	0	0	0	0	1	0	1	0	0	0	2	0
796	O00273__DFFA	1	0	0	0	0	0	0	1	0	0	0	0
797	O00299__CLIC1	1	2	1	2	1	1	1	2	4	2	3	2
798	O00410_3__IPO5	3	3	2	6	5	5	9	7	6	5	3	7
799	O00425__IGF2BP3	3	0	1	2	1	0	1	2	2	2	3	2
800	O00429_6__DNM1L	1	0	0	0	1	1	4	1	1	1	2	1
801	O00442_2__RTCD1	0	0	0	0	1	0	0	0	0	0	0	0
802	O00487__PSMD14	1	1	0	1	1	2	1	1	1	1	1	0
803	O00560__SDCBP	0	0	0	0	0	0	0	1	0	1	0	0
804	O00567__NOP56	0	0	0	2	0	2	1	2	0	0	1	0
805	O00571__DDX3X_DDX3Y	8	7	5	3	6	4	6	4	4	4	2	4
806	O00625__PIR	0	1	0	0	0	0	0	0	0	0	0	0
807	O00629__KPNA4	0	0	1	1	0	0	0	0	0	0	1	1
808	O14545__TRAFD1	0	0	0	0	0	0	0	0	0	0	0	0
809	O14602__EIF1AY_EIF1AX	1	0	1	1	0	1	1	0	1	0	0	1
810	O14737__PDCD5	4	3	2	2	5	6	2	4	3	4	5	1
811	O14773__TPP1	0	0	0	0	0	0	0	0	0	1	0	0
812	O14776__TCERG1	1	0	0	0	0	0	1	1	0	0	2	0
813	O14818__PSMA7_PSMA8	1	1	2	0	1	2	1	2	1	1	0	2
814	O14828__SCAMP3	0	0	0	1	0	1	1	1	1	0	0	0
815	Q5VV89__MGST3	1	0	0	1	0	0	0	0	1	1	1	0
816	O14907__TAX1BP3	0	0	0	0	0	0	0	0	1	0	0	0
817	O14929__HAT1	0	0	0	2	0	1	2	1	2	2	0	0
818	O14964__HGS	1	2	0	1	1	2	1	0	1	0	0	1
819	O14974__PPP1R12A	1	0	0	0	0	1	1	1	0	0	0	0
820	O14979__HNRPDL	2	3	3	4	2	1	3	4	3	4	5	4
821	O14980__XPO1	4	1	3	3	1	4	1	3	2	4	3	3
822	O15067__PFAS	2	4	2	2	3	2	1	1	3	2	0	3
823	O15069__NACAD	0	0	0	0	0	0	0	0	0	0	0	0
824	O15126__SCAMP1	0	0	0	1	0	0	0	0	0	0	0	0
825	O15127__SCAMP2	0	0	0	1	0	0	0	0	0	0	0	0
826	O15160__POLR1C	0	1	0	1	0	0	0	0	0	0	0	0
827	O15173__PGRMC2	0	1	0	0	1	0	1	0	0	0	1	0
828	O15212__PFDN6	1	0	0	0	1	0	1	0	0	1	0	0
829	O15294__OGT	0	0	0	1	0	0	0	0	0	0	1	1
830	O15355__PPM1G	0	0	3	2	1	1	0	1	3	1	0	1
831	O15381__NVL	0	0	0	1	0	0	0	1	1	1	0	0
832	O15400__STX7	1	1	0	0	1	1	1	0	2	0	0	0
833	O43143__DHX15	4	4	0	4	6	3	4	4	6	3	3	3
834	O43172__PRPF4	1	0	0	0	0	1	0	0	0	0	0	0
835	O43175__PHGDH	7	12	5	10	9	9	11	9	11	8	10	7
836	O43242__PSMD3	1	1	1	3	1	1	2	4	1	2	2	1
837	O43251_8__	0	0	0	0	0	0	0	0	1	0	0	0
838	O43390_2__HNRNPR	3	6	3	4	3	2	6	5	4	3	3	3
839	Q5JWU6__TPD52L2	3	1	0	0	0	1	3	2	0	1	2	1
840	O43447__PPIH	0	0	1	1	0	0	0	0	0	0	1	1
841	O43592__XPOT	0	0	0	0	0	0	0	0	1	2	0	0
842	O43678__NDUFA2	0	0	0	1	0	0	0	0	0	0	0	0
843	O43707__ACTN4	6	3	5	7	10	6	7	8	5	5	6	3
844	O43765__SGTA	3	3	0	1	2	3	1	2	2	1	1	2
845	O43805__SSNA1	0	0	0	0	0	1	0	0	0	0	0	0
846	O43809__NUDT21	1	2	0	2	1	2	0	1	4	1	0	2
847	O43852_3__CALU	0	2	2	0	0	0	1	0	1	1	0	0
848	O60216__RAD21	0	1	0	1	2	1	0	0	0	1	1	0
849	O60220__TIMM8A	1	0	0	0	0	0	0	0	0	0	0	0
850	O60264__SMARCA5	0	2	0	1	0	0	1	1	0	0	0	1
851	O60271__SPAG9	1	2	0	0	1	0	1	0	3	2	1	0
852	O60306__AQR	0	0	0	0	0	0	1	0	0	0	0	0
853	O60343__TBC1D4	1	2	1	1	2	2	1	2	1	1	1	2
854	O60493__SNX3	2	1	1	2	0	0	0	0	0	1	0	0
855	O60506__SYNCRIP	7	7	4	4	6	5	6	8	4	6	9	3
856	O60701__UGDH	2	0	0	1	1	0	1	2	1	2	0	3
857	O60841__EIF5B	2	0	1	0	0	0	0	0	1	0	1	0
858	O60869__EDF1	1	1	1	1	2	0	2	0	1	1	1	0
859	O60884__DNAJA2	1	0	0	1	0	0	0	1	0	1	0	0
860	O60888_2__CUTA	1	1	0	1	2	1	0	1	1	2	1	1
861	O75083__WDR1	0	0	1	0	1	3	1	0	2	1	0	0
862	O75131__CPNE3	3	0	0	1	1	3	2	0	1	1	3	3
863	O75146__HIP1R	1	0	0	0	1	0	0	0	0	0	1	0
864	O75340__PDCD6	0	0	0	1	0	0	0	0	1	1	1	0
865	O75348__ATP6V1G1_ATP6V1G2_DDX39B_ATP6V1G2	0	0	1	0	0	1	0	1	1	1	1	1
866	O75367__H2AFY	1	2	1	2	3	4	3	3	2	3	2	2
867	O75368__SH3BGRL	0	0	0	0	1	0	0	0	0	1	1	0
868	O75369_8__FLNB	2	1	1	1	3	5	2	3	1	2	2	1
869	O75396__SEC22B	2	0	0	1	1	1	1	0	0	1	0	0
870	O75400__PRPF40A	1	1	1	0	1	1	0	0	0	0	1	1
871	O75436__VPS26A	1	1	0	1	1	1	1	0	0	0	1	1
872	O75438__NDUFB1	0	0	0	0	0	0	0	0	0	0	0	0
873	O75439__PMPCB	0	0	2	0	0	0	1	1	0	0	0	0
874	O75475__PSIP1	2	1	0	2	2	2	1	1	0	1	2	1
875	O75489__NDUFS3	1	0	0	1	1	0	4	0	1	1	1	0
876	O75531__BANF1	1	1	3	1	0	1	1	0	1	1	0	1
877	O75533__SF3B1	2	3	0	4	1	2	3	2	3	2	5	2
878	O75607__NPM3	1	3	1	0	0	1	2	1	1	2	1	1
879	O75643__SNRNP200	3	3	2	7	1	3	1	6	1	4	4	5
880	O75683__SURF6	0	0	1	0	0	1	0	1	0	0	0	0
881	O75691__UTP20	0	0	0	0	0	0	0	0	0	0	0	0
882	O75694__NUP155	1	2	0	1	2	1	0	0	3	0	0	0
883	O75792__RNASEH2A	1	1	1	0	1	1	0	1	0	0	0	0
884	O75794__CDC123	1	0	0	0	0	1	1	1	0	1	1	0
885	O75821__EIF3G	3	3	0	2	1	2	2	2	2	2	1	3
886	O75844__ZMPSTE24	1	0	0	0	1	0	1	0	0	0	1	0
887	O75874__IDH1	0	0	0	0	3	0	0	0	0	0	0	0
888	O75915__ARL6IP5	0	0	0	1	0	1	0	2	0	0	0	0
889	O75934__BCAS2	0	1	0	1	1	1	0	0	2	0	1	0
890	O75937__DNAJC8	0	0	0	0	1	1	2	2	3	1	0	1
891	O75940__SMNDC1	1	0	0	0	0	0	0	0	0	0	1	1
892	O75947__ATP5H	2	2	0	1	2	2	1	1	0	0	1	2
893	O76003__GLRX3	1	1	0	1	2	2	2	1	1	1	0	0
894	O76071__CIAO1	0	1	0	0	1	0	0	2	2	0	0	0
895	O76094__SRP72	0	1	0	1	0	1	0	1	1	1	0	1
896	O94760__DDAH1	1	0	0	2	0	0	0	1	0	0	0	0
897	O94776__MTA2	0	1	0	0	0	0	0	0	0	0	0	1
898	O94813__SLIT2	1	2	1	0	2	2	0	0	1	2	0	1
899	O94826__TOMM70A	2	0	0	1	2	0	0	1	0	0	1	1
900	O94874__UFL1	0	0	0	0	0	0	0	0	0	1	0	0
901	O94888__UBXN7	0	0	0	1	0	0	0	1	1	0	0	0
902	O94906__PRPF6	0	0	0	0	0	0	0	0	0	1	0	0
903	O95163__IKBKAP	0	1	0	0	0	1	1	0	0	0	1	0
904	O95168__NDUFB4	0	1	0	0	1	0	0	0	0	0	1	0
905	O95202__LETM1	0	0	0	2	1	0	1	0	0	1	1	0
906	O95218__ZRANB2	0	1	0	1	0	1	0	0	1	0	0	0
907	O95219__SNX4	0	0	0	0	0	0	0	0	0	0	0	1
908	O95295__SNAPIN	0	0	0	1	2	1	0	0	0	0	0	0
909	O95336__PGLS	2	2	0	0	2	1	0	1	2	0	1	0
910	O95347__SMC2	0	0	0	0	0	0	0	1	0	0	0	0
911	O95373__IPO7	2	4	0	3	2	3	3	4	0	3	2	4
912	O95456__PSMG1	2	2	1	1	2	1	1	1	1	0	1	0
913	O95486__SEC24A	0	2	0	0	0	0	0	0	0	0	1	0
914	O95573__ACSL3	1	1	0	1	0	0	0	0	0	1	0	1
915	O95747__OXSR1	1	1	1	0	0	0	0	2	0	0	0	1
916	O95782__AP2A1_AP2A2	1	0	0	0	0	1	0	0	0	0	1	1
917	O95793__STAU1	0	0	0	0	0	0	0	0	0	0	0	0
918	O95831__AIFM1	1	0	0	3	0	1	1	1	0	1	1	1
919	O95881__TXNDC12	0	0	0	0	1	0	1	0	1	0	0	0
920	O95905_3__ECD	1	0	0	0	0	0	0	1	0	0	0	0
921	O96006__ZBED1	1	1	0	0	0	0	0	0	1	1	0	0
922	O96007__MOCS2	0	0	0	0	0	0	0	0	0	0	0	0
923	O96008__TOMM40	0	0	0	1	0	2	0	0	1	1	0	0
924	O96019__ACTL6A	0	0	1	1	1	1	1	0	3	1	0	0
925	P00330__ADH1	0	0	0	0	0	0	4	2	3	2	0	0
926	P00338_3__LDHA	4	9	2	8	8	6	6	3	7	4	5	7
927	P00367__GLUD1_GLUD2	1	1	0	2	2	2	2	1	1	3	2	0
928	P00374__DHFR	0	0	0	0	0	1	1	0	1	0	0	0
929	P00387_3__CYB5R3	0	0	0	2	0	0	0	0	0	0	0	1
930	P00390__GSR	1	1	0	2	1	1	1	0	0	1	0	2
931	P00403__MT_CO2	1	0	0	2	1	0	1	1	0	1	2	1
932	P00441__SOD1	7	3	5	7	1	2	7	6	6	6	6	5
933	P00489__PYGM	1	1	0	1	0	1	2	3	8	5	1	0
934	P00491__PNP	1	2	0	0	1	1	1	1	0	1	2	0
935	P00492__HPRT1	4	3	2	4	1	6	3	4	1	4	3	4
936	P00505__GOT2	0	2	2	1	2	3	3	2	2	5	3	4
937	P00558__PGK1	20	12	7	13	10	13	15	16	12	18	14	12
938	Q5T9B7__AK1	0	0	0	0	0	0	0	0	1	0	0	0
939	P00846__MT_ATP6	0	0	0	0	0	1	1	1	0	0	0	1
940	P00918__CA2	3	3	4	3	3	5	5	4	3	2	2	5
941	P00924__ENO1	0	0	0	0	0	0	3	0	1	1	0	0
942	P01111__NRAS	0	0	0	0	0	0	0	0	0	0	0	1
943	P02786__TFRC	1	1	0	2	0	3	1	2	1	1	0	1
944	P13640__MT1G_MT2A_MT1X_MT1E_MT1M	0	1	0	0	1	0	0	0	0	0	1	0
945	P04040__CAT	0	0	0	0	0	0	0	1	0	0	0	0
946	P04075__ALDOA	20	16	14	19	15	21	26	26	21	20	28	25
947	P04181__OAT	1	0	3	2	3	2	0	4	3	0	3	2
948	P04350__TUBB4A	0	0	0	0	0	0	1	0	1	1	0	0
949	P04406__GAPDH	22	21	18	19	24	21	27	19	25	20	25	27
950	P04637__TP53	1	0	1	1	0	2	2	1	1	0	0	0
951	P04843__RPN1	2	0	3	1	0	2	4	0	3	2	5	2
952	P04844__RPN2	1	1	0	0	1	0	0	1	2	1	2	0
953	P04908__HIST1H2AB_HIST3H2A_HIST1H2AC	1	1	1	2	0	1	1	1	0	2	2	0
954	P05141__SLC25A5	1	4	2	1	1	2	1	3	3	4	3	2
955	P05198__EIF2S1	0	0	0	1	1	0	1	0	2	1	0	1
956	P05204__HMGN2	2	8	1	2	5	9	2	7	10	5	6	7
957	P05386__RPLP1	4	4	2	4	0	3	4	4	4	2	6	2
958	P05387__RPLP2	4	8	4	5	5	5	10	6	9	4	5	9
959	P05388__RPLP0_RPLP0P6	2	3	7	6	4	9	6	5	5	6	5	5
960	P05556_3__ITGB1	0	1	1	0	0	0	1	2	0	0	1	0
961	P06493__CDK1	4	1	0	1	0	2	3	2	2	0	1	1
962	P06576__ATP5B	7	10	10	11	7	6	10	14	11	11	16	9
963	P06730_2__EIF4E	1	2	0	0	2	1	1	1	2	2	1	1
964	P06732__CKM	0	0	0	0	0	1	0	0	0	0	0	0
965	P06733__ENO1	29	24	20	30	38	38	39	46	51	33	38	33
966	P06737__PYGL	2	2	0	1	1	1	3	2	2	0	1	1
967	P06744_2__GPI	3	5	0	5	8	6	4	5	6	6	4	3
968	P06748__NPM1	8	10	2	9	6	7	16	10	10	10	7	10
969	P06753_2__TPM3	4	6	2	6	4	5	3	0	3	3	4	2
970	P06899__HIST1H2BJ_HIST1H2BO_HIST1H2BB_HIST2H2BE	1	2	0	2	1	0	1	2	0	1	1	2
971	P07108_6__DBI	0	0	0	0	0	0	0	0	0	1	0	0
972	P07195__LDHB	9	9	8	13	9	10	8	10	9	9	8	9
973	P07237__P4HB	10	7	3	12	7	6	5	6	7	10	10	10
974	P07339__CTSD	1	2	2	0	1	0	1	0	1	3	1	1
975	P07355_2__ANXA2_ANXA2P2	4	2	3	8	4	3	5	1	5	3	4	3
976	P07437__TUBB	9	6	3	5	10	5	6	8	12	5	7	6
977	P07737__PFN1	5	8	5	3	6	6	5	8	5	6	7	7
978	P07741__APRT	4	0	1	7	3	6	4	3	2	4	0	6
979	P07814__EPRS	4	8	3	8	6	2	8	5	9	7	12	9
980	P07858__CTSB	0	0	0	0	0	1	0	1	0	0	0	1
981	P07900_2__HSP90AA1	16	15	11	17	17	15	11	16	19	16	15	19
982	P07919__UQCRH	0	1	0	0	0	0	0	0	0	1	0	0
983	P07954__FH	1	2	1	2	1	1	1	2	1	0	3	1
984	P08107__HSPA1A	89	91	43	67	89	76	87	88	77	62	82	83
985	P08238__HSP90AB1_HSP90AB3P	24	23	12	20	24	24	28	24	20	21	28	28
986	P08243__ASNS	0	0	2	2	0	0	1	0	1	1	1	0
987	P08559_4__PDHA1	0	0	0	0	0	2	0	0	0	1	1	0
988	P08574__CYC1	1	0	0	1	0	0	0	1	1	0	0	0
989	P08621__SNRNP70	0	0	1	1	1	2	1	0	4	2	1	1
990	P08670__VIM	10	8	6	15	11	10	8	13	10	10	14	8
991	P08708__RPS17_RPS17L	2	1	1	3	2	3	2	2	1	1	4	3
992	P08754__GNAI3	0	1	0	0	0	0	0	0	2	1	0	1
993	P08758__ANXA5	3	3	4	4	5	4	9	6	4	4	3	5
994	P09211__GSTP1	2	1	2	5	1	4	6	2	5	8	4	7
995	P09234__SNRPC	0	1	0	2	0	0	0	1	1	0	0	0
996	P09429__HMGB1	1	3	3	2	1	2	3	7	2	4	3	3
997	P09622__DLD	3	2	2	2	2	0	1	4	3	3	2	2
998	P09661__SNRPA1	3	2	2	3	1	1	4	2	2	2	2	2
999	P09874__PARP1	13	7	10	15	10	10	13	16	16	18	12	11
1000	P09936__UCHL1	6	7	3	6	4	4	2	5	6	7	5	3
1001	P09960__LTA4H	2	3	3	1	2	2	3	1	1	0	1	2
1002	P09972__ALDOC	2	3	1	3	2	2	3	1	2	3	3	3
1003	P0C0E4__RAB40AL_RAB40A	0	0	0	0	0	0	0	1	0	0	0	0
1004	P0C0S5__H2AFZ_H2AFV	1	1	0	3	0	0	1	0	1	0	2	0
1005	P10155__TROVE2	1	0	0	1	2	2	1	1	1	2	1	1
1006	P10412__HIST1H1E_HIST1H1D	1	1	1	1	1	1	1	2	1	1	0	0
1007	P10599__TXN	2	0	3	2	2	1	2	3	2	2	4	2
1008	P10606__COX5B	1	1	0	0	0	0	0	0	0	1	1	0
1009	P10768__ESD	3	1	1	1	0	4	2	2	0	1	0	0
1010	P10809__HSPD1	28	20	16	26	18	15	15	28	15	17	16	27
1011	P11021__HSPA5	7	13	6	8	7	4	8	3	9	8	11	9
1012	P11047__LAMC1	0	0	0	0	1	0	0	0	0	0	0	0
1013	P11142__HSPA8	14	5	6	13	9	15	7	5	15	11	12	13
1014	P11172__UMPS	0	0	1	0	2	1	0	1	1	1	0	1
1015	P11177__PDHB	1	2	1	1	2	3	4	2	3	3	3	3
1016	P11182__DBT	0	0	0	0	0	1	0	0	0	0	0	0
1017	P11216__PYGB	0	1	0	0	0	1	0	0	1	0	1	0
1018	P11233__RALA_RALB	1	0	0	0	0	0	1	1	1	2	0	0
1019	P11279__LAMP1	1	0	0	1	0	0	0	0	1	1	1	1
1020	P11388_4__TOP2A	0	2	0	2	0	1	0	0	0	0	1	0
1021	Q5HY81__UBL4A	1	1	0	0	0	0	0	0	1	0	0	0
1022	P11717__IGF2R	0	0	0	0	0	0	1	0	0	1	0	1
1023	P11766__ADH5	0	0	0	1	0	0	2	0	1	0	1	0
1024	P11908_2__PRPS2_PRPS1	2	1	0	1	3	1	0	0	1	2	1	1
1025	P11940__PABPC1_PABPC3	10	9	8	5	7	9	6	10	1	3	3	7
1026	P12004__PCNA	4	2	4	4	2	2	4	1	4	1	3	2
1027	P12235__SLC25A4	0	1	0	0	0	0	0	1	0	1	0	0
1028	P12236__SLC25A6	1	0	1	1	1	0	0	1	0	1	0	0
1029	P12268__IMPDH2	5	8	1	8	5	5	5	7	7	6	4	5
1030	P12270__TPR	2	2	0	3	1	3	1	1	3	3	2	2
1031	P12273__PIP	0	0	0	0	2	2	0	0	0	0	0	0
1032	P12277__CKB	22	15	10	20	24	20	27	21	20	18	16	18
1033	P12532_2__CKMT1A_CKMT1B	0	2	0	1	2	1	3	0	0	1	2	1
1034	P12955__PEPD	1	1	0	0	0	1	1	0	0	0	0	2
1035	P12956__XRCC6	1	6	2	9	6	3	9	8	7	9	3	3
1036	P13010__XRCC5	5	5	3	5	3	7	3	8	4	9	7	4
1037	P13489__RNH1	3	2	4	5	2	3	4	3	4	4	2	7
1038	P13639__EEF2	23	23	16	29	21	25	25	26	22	24	29	20
1039	P13667__PDIA4	6	2	4	1	4	3	3	2	4	1	0	3
1040	P13674__P4HA1	1	0	1	1	0	1	0	0	0	0	0	1
1041	Q5W0H4__TPT1	1	0	1	0	0	1	0	0	1	0	0	0
1042	P13797__PLS3	4	1	6	13	10	6	2	8	4	8	12	8
1043	P13804__ETFA	2	1	3	3	2	2	2	3	2	0	2	1
1044	P13861__PRKAR2A	2	1	1	3	0	3	2	2	1	2	2	3
1045	P14174__MIF	2	0	1	1	2	2	2	3	1	0	2	3
1046	P14209__CD99	1	0	1	0	0	0	1	0	0	0	1	0
1047	P14550__AKR1A1	2	1	0	2	1	2	0	0	2	1	1	0
1048	P14618__PKM2	16	21	8	16	18	15	15	15	20	19	17	18
1049	P14625__HSP90B1	10	7	6	12	10	11	13	6	10	9	10	12
1050	P14635__CCNB1	0	0	0	0	0	0	0	0	0	1	1	0
1051	P14735__IDE	1	0	0	0	0	0	1	1	0	1	0	0
1052	P14854__COX6B1	2	2	0	3	2	1	1	1	1	0	0	2
1053	P14866__HNRNPL	5	2	4	12	6	6	6	9	3	4	6	7
1054	P14868__DARS_DKFZp781B11202	1	1	1	1	2	0	2	1	3	2	3	2
1055	P14923__JUP	0	2	0	0	0	0	1	0	2	1	1	0
1056	P15121__AKR1B1	0	1	0	0	1	0	0	0	3	0	1	2
1057	P15374__UCHL3	1	2	2	2	0	0	0	1	1	0	0	0
1058	P15531_2__NME1	1	0	0	1	0	0	0	0	0	0	0	0
1059	P15924__DSP	1	0	0	0	0	0	0	1	0	0	0	0
1060	P15927_3__RPA2	0	1	0	2	0	1	0	1	1	0	1	0
1061	P16104__H2AFX_HIST1H2AA	9	7	3	5	8	7	5	2	8	8	9	10
1062	P16152__CBR1	4	4	0	2	3	3	5	4	2	1	3	1
1063	P16403__HIST1H1C	3	1	2	3	2	4	2	1	5	4	3	4
1064	P16435__POR	1	0	0	0	0	0	0	0	0	0	1	0
1065	P16615__ATP2A2_ATP2A1	1	2	1	0	1	1	0	1	1	0	1	0
1066	P16949__STMN1	8	7	5	10	8	8	6	5	5	8	10	2
1067	P16989__CSDA	1	1	0	0	1	1	0	1	1	1	1	1
1068	P17066__HSPA6	1	1	1	2	2	1	1	2	2	2	1	2
1069	P17174__GOT1	2	2	0	1	1	3	4	1	3	1	2	2
1070	P17812__CTPS	3	3	3	5	3	6	6	6	4	2	4	4
1071	P17858__PFKL	0	0	0	0	0	0	0	0	0	0	0	0
1072	P17948__FLT1	0	0	0	1	0	0	0	0	1	0	1	0
1073	P17987__TCP1	4	4	5	2	6	4	3	2	5	3	3	5
1074	P18077__RPL35A	2	1	0	0	1	3	0	1	1	1	1	2
1075	P18124__RPL7	4	5	4	6	4	3	5	4	5	5	7	3
1076	P18206__VCL	3	2	0	2	1	1	1	1	1	1	1	2
1077	P18669__PGAM1_PGAM2	5	5	0	6	6	7	6	5	3	5	7	5
1078	P18754_2__RCC1	1	1	4	1	2	3	1	2	3	1	2	3
1079	P18859_2__ATP5J	1	2	1	2	2	2	1	1	0	1	2	0
1080	P19338__NCL	8	15	6	17	10	14	11	16	16	10	10	13
1081	P19388__POLR2E	0	0	0	0	1	0	0	0	0	0	0	1
1082	P19525__EIF2AK2	1	1	0	0	0	0	1	0	1	0	0	0
1083	P19623__SRM	2	1	1	2	3	0	1	0	1	1	1	1
1084	P20042__EIF2S2	0	1	0	0	0	1	0	0	0	0	0	1
1085	P20290__BTF3	0	0	1	1	1	0	0	1	0	1	0	0
1086	P20618__PSMB1	0	1	0	2	3	1	1	1	1	0	1	0
1087	P20700__LMNB1	4	5	5	5	3	4	2	1	3	4	3	4
1088	P20962__PTMS	2	2	2	1	0	2	1	0	0	1	1	0
1089	P21281__ATP6V1B2	1	0	0	0	1	0	1	0	1	1	0	1
1090	P21333__FLNA	1	0	0	1	0	0	0	1	1	1	2	2
1091	P21397__MAOA	0	0	0	1	0	1	0	0	0	1	0	1
1092	P21399__ACO1_IRP1	0	0	0	0	1	1	0	0	1	0	0	0
1093	P21796__VDAC1	6	5	6	6	4	5	3	4	5	6	6	6
1094	P21912__SDHB	1	0	1	0	0	1	0	0	1	2	1	1
1095	P22033__MUT	0	0	0	0	0	0	0	0	0	1	0	0
1096	P22087__FBL	4	0	0	0	1	2	1	1	1	1	3	0
1097	P22102__GART	2	3	3	4	4	4	3	4	4	2	6	2
1098	P22234__PAICS	3	8	4	6	8	7	5	7	7	5	5	7
1099	P22314__UBA1	16	12	8	15	15	11	15	13	13	13	11	13
1100	Q32Q12__NME1_NME2_NME2_NME1	11	8	4	13	7	8	7	9	6	11	6	9
1101	P22626__HNRNPA2B1	23	26	12	18	32	26	21	21	25	16	22	18
1102	P23193__TCEA1	1	0	0	1	1	0	3	0	0	1	0	0
1103	P23246__SFPQ	5	5	3	7	5	6	7	4	7	5	7	6
1104	P23258__TUBG1_TUBG2	0	0	1	2	0	0	1	1	1	0	1	0
1105	P23284__PPIB	1	3	0	3	3	1	2	1	5	3	6	2
1106	P23368__ME2	2	0	0	0	0	0	0	0	0	0	0	0
1107	P23378__GLDC	0	0	0	0	0	0	0	1	0	0	0	0
1108	P23381__WARS	0	2	1	3	2	0	2	3	3	3	2	1
1109	P23396__RPS3	3	4	5	6	4	4	5	3	6	1	4	3
1110	P23526__AHCY	4	2	2	2	3	2	5	3	4	3	2	1
1111	E9PK25__CFL1	4	6	2	8	5	3	5	3	7	6	7	6
1112	P24534__EEF1B2	1	3	1	1	1	2	2	1	2	1	3	1
1113	P24539__ATP5F1	0	0	0	0	0	0	1	0	0	1	0	0
1114	P24666__ACP1	2	3	1	3	1	1	1	3	2	1	0	0
1115	P24752__ACAT1	1	0	1	3	2	2	3	3	2	4	3	2
1116	P24928__POLR2A	1	0	0	0	0	0	0	1	0	1	0	0
1117	B4DWW4__MCM3	4	4	4	1	5	3	4	1	4	2	3	8
1118	P25391__LAMA1	0	0	0	0	1	0	0	0	0	0	0	0
1119	P25398__RPS12	6	3	5	4	2	4	2	1	4	6	3	4
1120	P25705__ATP5A1	5	3	7	8	3	3	2	6	5	5	6	3
1121	P25786_2__PSMA1	1	0	0	1	0	1	1	0	1	0	0	2
1122	P25787__PSMA2	0	2	2	1	2	1	1	3	0	0	2	3
1123	P25788__PSMA3	3	3	2	2	0	1	2	0	1	2	0	1
1124	P26038__MSN	0	0	0	0	0	0	0	0	0	0	1	0
1125	P26196__DDX6	2	3	2	2	2	2	1	0	1	1	1	1
1126	P26368__U2AF2	1	1	1	1	2	0	3	2	4	1	1	0
1127	P26373__RPL13	1	13	2	1	2	10	4	3	4	6	2	1
1128	P26583__HMGB2	1	1	0	0	0	2	0	0	1	1	2	0
1129	P26599_3__PTBP1	12	13	9	11	10	10	12	14	11	11	9	10
1130	P26639__TARS	7	4	2	4	8	4	6	4	6	4	4	3
1131	P26641__EEF1G	11	8	6	8	5	9	7	9	7	9	2	7
1132	P27348__YWHAQ	3	2	1	4	0	3	1	2	1	0	4	2
1133	P27635__RPL10_RPL10L	1	0	2	2	1	1	1	3	3	4	1	4
1134	P27694__RPA1	3	1	0	0	2	1	1	1	0	2	1	2
1135	P27797__CALR	3	4	1	3	5	0	9	7	4	11	3	10
1136	P28066__PSMA5	2	1	2	2	0	1	3	1	3	2	4	3
1137	P28070__PSMB4	0	0	1	0	0	0	0	0	0	0	0	0
1138	P28072__PSMB6	1	0	2	1	1	0	1	2	1	0	1	2
1139	P28074__PSMB5	1	3	0	0	0	1	1	1	1	0	0	1
1140	P28482__MAPK1	0	0	0	0	0	0	0	0	1	0	1	1
1141	P28838__LAP3	2	1	0	3	2	2	2	2	5	2	3	0
1142	Q5VZU9__TPP2	1	1	0	0	0	0	0	0	0	0	1	0
1143	P29373__CRABP2	0	0	0	0	0	0	0	1	0	0	0	1
1144	P29966__MARCKS	1	2	0	1	1	0	2	2	0	1	2	1
1145	P30040__ERP29	2	1	0	3	1	1	1	2	3	2	1	3
1146	P30041__PRDX6	7	4	4	11	4	5	5	8	5	5	4	6
1147	P30044__PRDX5	2	3	0	0	4	2	2	1	2	2	1	3
1148	J3KQ18__DDT_DDTL	1	1	0	0	2	3	2	0	0	3	1	2
1149	P30050__RPL12	3	5	6	4	3	6	4	4	6	8	5	5
1150	P30084__ECHS1	2	2	0	4	3	2	3	2	1	3	2	4
1151	P30086__PEBP1	2	2	4	4	5	2	5	3	2	4	6	3
1152	P30405__PPIF	1	0	0	0	0	0	0	0	0	0	0	1
1153	P30419__NMT1	2	1	0	2	1	0	0	1	1	1	2	0
1154	P30520__ADSS	2	1	1	2	4	3	2	0	4	3	4	2
1155	P30837__ALDH1B1	1	1	0	1	1	0	0	1	1	2	0	0
1156	P31150__GDI1	0	1	0	1	0	1	0	0	0	0	0	0
1157	P31153__MAT2A	0	0	3	1	1	0	3	1	1	1	1	0
1158	P31350_2__RRM2	0	1	0	1	1	1	0	0	1	0	0	0
1159	P31689__DNAJA1	1	1	0	0	0	0	2	0	2	0	1	0
1160	P31930__UQCRC1	1	0	1	0	0	0	0	0	2	1	1	0
1161	P31939__ATIC	6	4	2	6	2	2	4	4	4	4	2	0
1162	P31942__HNRNPH3	2	1	1	3	1	3	2	2	3	1	1	3
1163	P31946__YWHAB	2	1	3	1	1	3	2	2	2	2	0	4
1164	P31946_2__	0	0	0	0	0	0	0	0	0	1	0	0
1165	P31948__STIP1	6	4	3	3	3	7	3	6	2	5	5	3
1166	P31949__S100A11	0	0	0	1	0	0	1	1	2	0	1	0
1167	P32119__PRDX2	3	1	2	5	5	4	5	7	3	3	4	3
1168	B4DMU0__PYCR1	0	1	0	1	0	0	0	0	0	1	0	1
1169	P32455__GBP1	0	0	0	0	0	0	0	0	0	0	0	0
1170	P32969__RPL9	1	4	1	3	2	1	3	2	1	5	5	2
1171	P33176__KIF5B	1	3	2	4	1	4	3	2	1	2	1	1
1172	P33993__MCM7	1	5	3	0	4	2	3	3	1	3	0	2
1173	P34897__SHMT2	2	5	2	5	5	2	1	4	3	2	3	0
1174	P34931__HSPA1L	0	0	0	1	0	0	0	0	0	0	0	1
1175	P34932__HSPA4	10	7	5	7	8	7	6	9	4	6	6	4
1176	P35219__CA8	0	0	0	0	0	0	0	0	0	0	1	0
1177	P35232__PHB	7	7	4	5	5	9	8	7	8	8	3	7
1178	P35244__RPA3	1	0	0	0	2	0	0	1	1	1	1	0
1179	P35250__RFC2	0	0	1	1	1	1	0	1	0	1	0	0
1180	P35268__RPL22	1	2	2	0	2	2	1	2	1	0	1	2
1181	P35269__GTF2F1	1	1	0	1	0	1	1	0	0	0	0	0
1182	P35573__AGL	2	0	0	1	1	1	2	0	1	0	1	0
1183	P35579__MYH9	10	9	5	8	7	4	11	8	4	8	8	8
1184	P35637__FUS	3	1	4	4	2	2	3	4	2	3	1	1
1185	P35998__PSMC2	1	1	0	0	0	3	2	0	0	0	0	0
1186	P36405__ARL3	0	1	1	0	0	0	0	0	1	2	2	0
1187	P36551__CPOX	0	1	0	0	0	0	1	0	0	1	1	1
1188	P36578__RPL4	12	4	5	9	6	5	6	11	4	9	11	4
1189	P36871_2__PGM1	2	2	0	0	1	0	2	0	1	0	1	0
1190	P36957__DLST	0	0	0	0	1	0	0	1	0	0	0	0
1191	P37802__TAGLN2	4	5	3	6	5	7	7	5	6	8	4	5
1192	P37837__TALDO1	2	1	1	2	3	2	3	2	2	2	1	1
1193	P38117_2__ETFB	2	2	0	3	1	1	2	2	2	2	2	3
1194	P38159__RBMX_RBMXL1	3	6	1	3	1	5	5	5	1	2	4	4
1195	P38432__COIL	0	0	0	0	1	0	0	0	1	0	1	0
1196	P38646__HSPA9	8	8	8	8	6	12	12	12	11	8	9	15
1197	P38919__EIF4A3	0	0	1	1	1	1	0	1	0	1	1	0
1198	P39019__RPS19	3	0	1	2	4	2	5	3	5	2	7	6
1199	P39023__RPL3	6	4	2	3	2	4	4	5	5	4	1	6
1200	P39656__DDOST	0	0	1	0	1	0	0	0	0	0	0	0
1201	P39687__ANP32A	2	2	1	2	0	1	3	5	3	5	1	1
1202	P39748__FEN1	0	2	0	0	0	0	2	0	0	1	1	1
1203	P40222__TXLNA	0	0	0	0	0	0	0	0	0	0	0	0
1204	P40227__CCT6A	6	4	8	5	5	8	9	10	5	9	8	8
1205	P40429__RPL13A	2	1	0	0	0	0	1	1	2	4	2	2
1206	P40925_3__MDH1	2	1	4	3	0	1	1	1	3	1	0	3
1207	P40926__MDH2	18	15	10	7	14	6	13	13	11	16	14	14
1208	P40938__RFC3	0	0	0	0	0	0	0	0	0	0	0	1
1209	P40939__HADHA	1	1	2	3	1	4	2	1	3	2	1	2
1210	P41091__EIF2S3_EIF2S3L	2	2	2	2	1	2	3	2	3	0	1	1
1211	P41250__GARS	0	1	0	0	0	1	0	2	1	0	2	2
1212	P41252__IARS	5	1	1	6	2	2	3	7	4	5	3	1
1213	P42166__TMPO	1	3	1	2	3	1	1	2	4	3	2	2
1214	P42285__SKIV2L2	1	1	1	0	0	1	1	1	1	0	1	1
1215	P42677__RPS27_RPS27L	2	0	0	1	1	2	0	0	1	2	1	0
1216	P42704__LRPPRC	5	4	1	6	4	4	4	4	10	4	5	6
1217	P43487__RANBP1	1	1	0	2	1	1	4	3	5	1	0	1
1218	P43490__NAMPT_RP11_92J19.4	1	1	2	1	2	2	3	0	1	2	2	1
1219	P43686__PSMC4	0	0	2	2	0	2	0	1	3	1	3	1
1220	P45880__VDAC2	8	4	3	7	8	3	6	6	6	7	8	5
1221	P45974__USP5	4	5	1	6	4	3	2	3	5	3	3	2
1222	P46060__RANGAP1	2	3	4	2	1	1	0	2	5	4	4	1
1223	P46109__CRKL	0	0	0	0	1	2	4	2	1	0	0	2
1224	P46777__RPL5	5	4	2	2	4	3	3	4	3	7	4	4
1225	P46778__RPL21	2	2	1	1	2	3	1	2	4	2	1	4
1226	P46781__RPS9	8	2	0	5	2	4	4	3	2	5	0	2
1227	P46783__RPS10	3	4	3	3	1	2	3	2	2	4	1	3
1228	P46821__MAP1B	1	0	0	0	1	0	0	1	1	0	1	0
1229	P46940__IQGAP1	4	2	1	2	1	1	5	1	1	2	5	2
1230	P47914__RPL29	0	1	1	2	0	0	0	0	0	0	0	0
1231	P48047__ATP5O	5	3	4	4	3	2	1	3	3	2	3	3
1232	P48147__PREP	0	2	1	0	2	2	2	1	3	2	1	0
1233	P48449__LSS	1	1	0	0	0	0	0	0	0	1	0	0
1234	P48507__GCLM	1	0	0	0	0	1	0	0	0	1	1	0
1235	P49006__MARCKSL1	0	1	0	0	1	0	0	0	0	0	0	0
1236	P49189__ALDH9A1	0	1	1	0	0	0	0	1	1	3	1	2
1237	P49207__RPL34	1	1	1	3	1	3	1	1	1	1	0	0
1238	P49321_3__NASP	9	3	3	6	5	5	5	4	6	4	9	3
1239	P49327__FASN	31	22	20	27	29	30	39	28	31	25	27	27
1240	P49368__CCT3	8	6	2	10	13	7	11	8	9	7	9	5
1241	P49411__TUFM	1	0	2	3	6	1	1	3	3	7	2	1
1242	P49419__ALDH7A1	0	2	1	3	1	1	1	4	2	2	1	5
1243	P49458__SRP9	1	2	2	1	1	2	1	1	1	0	0	0
1244	P49588__AARS	4	2	2	4	3	4	4	5	3	6	1	2
1245	Q5T5C7__SARS	1	2	1	1	2	2	0	3	1	1	1	1
1246	P49721__PSMB2	1	0	0	0	0	1	1	1	0	1	0	0
1247	P49736__MCM2	2	1	3	3	1	2	3	1	2	2	2	2
1248	P49748_3__ACADVL	1	1	0	0	0	0	0	1	0	0	0	0
1249	P49756__RBM25	0	0	0	0	1	0	1	1	0	0	0	0
1250	P49770__EIF2B2	0	1	0	0	1	0	0	1	1	1	0	1
1251	P49773__HINT1	2	1	2	0	2	1	1	1	1	2	2	1
1252	P49792__RANBP2	1	3	0	0	0	2	1	0	2	0	1	2
1253	P49841_2__GSK3B	0	0	0	1	0	0	0	0	0	0	0	0
1254	P49915__GMPS	3	1	1	7	2	3	1	3	1	3	4	2
1255	P49916__LIG3	0	2	0	0	0	0	1	0	0	0	1	0
1256	P50454__SERPINH1	1	0	2	5	3	1	1	1	0	1	2	2
1257	P50552__VASP	1	0	0	0	0	0	1	0	0	0	0	1
1258	P50579__METAP2	0	1	0	0	0	0	0	0	0	0	1	0
1259	P50583__NUDT2	0	1	0	1	0	0	1	0	0	0	0	1
1260	P50750_2__CDK9	0	0	0	0	0	0	0	0	0	0	0	0
1261	P50897__PPT1	0	0	1	1	1	0	0	2	0	0	0	0
1262	P50990__CCT8	8	4	4	4	3	8	3	6	9	6	8	14
1263	P50991__CCT4	2	5	6	7	1	3	7	6	2	8	5	3
1264	P51116__FXR2	0	0	0	0	0	0	0	1	0	0	0	0
1265	P51148_2__RAB5C	0	1	0	1	1	0	0	1	0	1	0	0
1266	P51149__RAB7A	0	1	1	3	1	0	0	1	4	0	3	1
1267	P51398__DAP3	1	0	0	2	0	1	2	2	2	0	0	0
1268	Q9HBD4__SMARCA4	0	0	0	0	2	0	0	0	1	0	1	0
1269	P51659__HSD17B4	3	2	0	3	3	1	0	3	3	2	1	1
1270	P51665__PSMD7	1	1	0	1	1	1	3	2	2	1	2	1
1271	P51809_2__VAMP7	0	0	0	0	1	0	0	0	1	0	1	0
1272	P51858__HDGF	1	2	0	1	0	2	1	1	2	2	1	2
1273	P52272__HNRNPM	6	8	6	8	11	8	9	8	13	11	6	5
1274	P52292__KPNA2	4	4	9	5	5	6	6	5	5	9	6	4
1275	P52597__HNRNPF	2	2	2	2	3	3	3	1	1	3	3	2
1276	P52701__MSH6	1	3	0	1	1	1	1	2	0	1	2	1
1277	P52732__KIF11	1	0	1	0	0	1	0	0	0	1	0	0
1278	P52907__CAPZA1	2	1	0	0	0	3	0	2	0	0	0	2
1279	P53004__BLVRA	2	2	1	1	1	0	3	2	1	2	2	1
1280	P53396__ACLY	3	7	3	8	4	8	4	6	8	1	6	3
1281	P53582__METAP1	0	1	0	1	0	1	1	2	1	1	1	1
1282	P53597__SUCLG1	0	0	0	0	0	0	1	0	0	0	0	0
1283	P53618__COPB1	0	1	0	1	0	0	0	1	2	1	0	1
1284	P53621_2__COPA	1	3	0	3	2	2	1	1	1	5	3	3
1285	P53701__HCCS	0	0	0	0	0	1	0	0	0	0	0	0
1286	P53999__SUB1	2	1	1	1	1	3	1	1	2	0	0	2
1287	P54136__RARS	5	2	0	5	2	2	5	5	1	3	3	4
1288	P54577__YARS	2	4	1	2	0	2	1	2	0	2	3	1
1289	P54709__ATP1B3	0	0	0	0	0	0	0	0	0	0	1	1
1290	P54727__RAD23B	2	1	0	1	1	2	2	2	1	2	2	1
1291	P54886__ALDH18A1	3	2	0	4	1	2	0	2	1	1	2	3
1292	P55010__EIF5	1	0	0	3	2	3	0	1	0	2	0	0
1293	P55036__PSMD4_PIPSL	0	0	1	1	0	0	1	0	0	0	0	1
1294	P55060__CSE1L	1	3	3	5	5	5	3	8	6	4	6	2
1295	P55072__VCP	8	5	6	9	5	6	8	3	5	8	8	8
1296	P55145__MANF	1	0	0	0	0	0	1	0	1	2	0	1
1297	B1AHD1__NHP2L1	2	1	1	0	1	0	2	1	2	1	4	3
1298	P55795__HNRNPH2	0	1	0	0	0	0	0	0	0	0	0	0
1299	P55884_2__EIF3B	1	6	0	3	2	6	2	2	3	3	3	0
1300	P55957_2__BID	0	0	0	1	0	0	0	0	0	0	1	0
1301	P56182__RRP1	0	0	0	2	0	0	0	0	0	0	1	1
1302	P56192__MARS	0	1	1	2	2	2	2	1	1	1	3	1
1303	P56377__AP1S2	0	0	0	0	0	0	0	0	0	0	0	0
1304	P56537__EIF6	1	1	2	3	1	1	2	0	2	2	2	1
1305	P56545_2__CTBP2	0	0	0	0	0	0	1	1	0	0	1	0
1306	P57737_3__CORO7	1	0	0	1	1	1	0	2	1	0	1	0
1307	P58107__EPPK1	0	0	0	0	1	0	1	1	0	0	1	1
1308	P58546__MTPN	2	1	2	1	2	2	1	0	1	2	2	1
1309	P60174__TPI1	14	9	11	15	11	11	12	9	11	10	10	10
1310	P60228__EIF3E	1	2	1	1	2	2	2	2	2	3	2	3
1311	P60602__ROMO1	1	0	0	1	1	1	1	1	1	1	1	1
1312	P60842__EIF4A1	1	5	4	5	2	8	4	6	7	4	5	6
1313	P60866_2__RPS20	2	1	0	2	1	0	1	2	1	1	1	3
1314	P61006__RAB8A	1	0	0	0	0	1	0	1	0	2	0	0
1315	P61019__RAB2A	3	2	1	1	0	2	2	0	2	2	0	1
1316	P61026__RAB10	1	0	1	1	0	1	1	1	1	1	0	2
1317	P61081__UBE2M	0	0	1	0	0	1	0	0	0	0	1	0
1318	P61088__UBE2N_UBE2NL	2	4	2	2	1	2	2	2	1	0	3	1
1319	P61106__RAB14	1	1	0	2	1	0	0	1	0	0	1	3
1320	P61158__ACTR3	3	3	1	2	2	2	1	0	4	5	1	2
1321	P61160_2__ACTR2	1	0	0	0	1	1	0	0	1	0	1	0
1322	P61163__ACTR1A	2	1	0	3	2	1	0	2	1	1	2	0
1323	P61204__ARF3_ARF1_ARF5	3	2	2	3	1	3	4	0	2	3	2	1
1324	P61221__ABCE1	2	1	2	2	2	2	0	2	0	1	2	0
1325	P61224__RAP1B_RAP1A	0	2	1	2	0	1	1	1	1	0	1	1
1326	P61247__RPS3A	6	2	2	4	2	7	3	4	3	7	6	7
1327	P61254__RPL26	0	0	0	0	1	0	0	1	1	0	0	1
1328	P61353__RPL27	2	2	1	3	1	2	3	3	3	1	2	3
1329	P61586__RHOA_RHOC	2	0	2	5	4	3	3	3	3	3	1	1
1330	P61604__HSPE1	2	0	4	1	1	3	5	1	2	5	2	2
1331	P61960__UFM1	1	0	0	0	1	0	0	0	1	0	1	1
1332	P61970__NUTF2	0	0	1	1	0	0	0	0	1	1	0	2
1333	P61978_2__HNRNPK	13	10	13	17	17	19	25	17	11	14	18	17
1334	P61981__YWHAG	3	0	2	2	2	1	5	2	2	1	2	3
1335	P62081__RPS7	2	3	1	5	2	5	4	7	3	5	5	2
1336	P62136_2__PPP1CA	0	0	0	0	0	1	0	0	1	0	0	0
1337	P62140__PPP1CB	0	0	0	0	0	0	1	0	0	0	0	0
1338	P62195__PSMC5	0	1	2	3	3	0	4	1	1	0	0	2
1339	P62241__RPS8	6	2	5	6	4	4	4	3	1	5	4	3
1340	P62249__RPS16	3	5	2	2	5	2	4	4	2	3	1	4
1341	P62258__YWHAE	5	11	6	6	4	10	8	14	12	6	8	8
1342	P62263__RPS14	1	2	0	1	2	2	2	0	3	3	0	3
1343	P62266__RPS23	3	1	0	0	1	1	2	1	0	1	1	0
1344	P62269__RPS18	1	2	3	4	1	1	1	3	2	3	2	2
1345	P62273__RPS29	1	1	2	2	0	0	1	3	2	2	1	0
1346	P62277__RPS13	3	1	1	2	2	1	2	3	2	2	1	4
1347	P62280__RPS11	3	1	0	2	0	2	2	2	2	3	1	1
1348	P62304__SNRPE	0	0	0	1	2	0	1	0	0	1	2	0
1349	P62306__SNRPF	0	0	2	0	0	0	0	0	1	0	0	0
1350	P62310__LSM3	0	0	1	0	0	0	1	1	0	0	0	0
1351	P62316__SNRPD2	1	2	1	1	2	4	3	3	0	0	2	1
1352	P62333__PSMC6	0	2	1	1	2	2	2	1	1	2	0	1
1353	P62424__RPL7A	5	0	2	4	5	6	4	3	4	4	5	3
1354	P62495__ETF1	1	3	1	0	4	0	0	3	1	0	1	2
1355	P62633_4__	0	0	1	0	0	0	0	0	0	0	0	0
1356	P62701__RPS4X	4	5	3	5	3	4	3	2	3	2	3	3
1357	P62750__RPL23A	3	2	3	1	0	1	1	1	2	0	1	0
1358	P62753__RPS6	4	5	3	3	2	3	5	5	4	3	3	1
1359	P62805__HIST1H4A	2	5	1	4	1	4	1	2	5	0	2	1
1360	P62851__RPS25	1	3	2	3	1	1	1	3	3	1	3	1
1361	P62854__RPS26_RPS26P11	1	0	1	2	1	1	1	2	1	1	1	1
1362	P62857__RPS28	2	5	1	2	8	5	2	5	5	4	4	6
1363	P62873__GNB1	1	1	0	2	1	1	1	1	0	1	1	1
1364	P62877__RBX1	0	0	0	1	0	0	1	1	2	1	0	1
1365	P62879__GNB2_GNB4	1	2	0	0	1	0	0	0	0	0	0	0
1366	P62899__RPL31	1	0	0	2	3	0	1	1	0	1	0	1
1367	P62906__RPL10A	2	3	1	2	2	3	3	2	3	2	3	3
1368	P62913__RPL11	2	2	0	1	1	2	2	4	2	0	2	3
1369	P62917__RPL8	1	1	1	2	1	1	2	2	1	2	1	1
1370	P62937__PPIA	11	8	6	13	10	7	8	8	5	10	10	10
1371	P62942__FKBP1A_FKBP12_Exip2	1	1	1	1	0	1	0	0	0	0	0	1
1372	P62979__RPS27A_UBC_UBB_UBA52	3	2	2	5	4	0	5	2	1	2	2	3
1373	P62993__GRB2	2	1	0	1	2	2	0	1	0	1	0	0
1374	P62995__TRA2B	3	2	0	2	3	2	2	1	1	1	1	1
1375	P63010_2__AP2B1	1	0	0	0	0	0	0	0	1	0	0	0
1376	E7EX29__YWHAZ	6	4	2	4	5	4	4	5	4	3	7	7
1377	P63151__PPP2R2A_PPP2R2D	3	2	0	1	2	1	3	1	2	2	0	2
1378	P63167__DYNLL1_DYNLL2	0	0	1	1	1	1	1	1	1	0	0	1
1379	P63172__DYNLT1	1	1	0	2	0	2	1	1	0	1	0	0
1380	P63208__SKP1	2	2	2	0	0	0	1	1	2	0	0	0
1381	P63220__RPS21	0	2	1	1	1	2	1	2	1	1	1	2
1382	P63244__GNB2L1	6	6	2	10	9	9	7	6	12	11	8	10
1383	P63261__ACTG1	18	9	17	23	16	23	31	26	24	18	19	22
1384	P63313__TMSB10	0	1	1	1	1	1	1	2	1	1	1	0
1385	P67775__PPP2CA_PPP2CB	0	1	0	4	2	0	0	3	1	2	2	0
1386	P67809__YBX1	3	2	3	2	0	3	1	1	2	5	3	3
1387	Q5SRQ6__CSNK2B	0	0	0	0	0	0	0	1	0	1	0	1
1388	P67936__TPM4	0	2	1	0	2	0	0	0	2	1	0	1
1389	P68032__ACTC1_ACTA1_ACTA2_ACTG2	2	2	2	1	1	2	3	1	3	5	2	1
1390	P68104__EEF1A1_EEF1A1P5	37	32	32	29	36	41	38	39	25	30	36	44
1391	P68371__TUBB4B	39	25	14	20	26	31	22	29	27	21	27	30
1392	P68402__PAFAH1B2	1	2	1	1	2	1	1	2	1	1	2	1
1393	P68431__HIST1H3A	0	0	0	0	0	0	0	0	0	0	0	0
1394	P69905__HBA1	0	0	1	0	0	0	0	0	0	0	0	0
1395	P78346_2__RPP30_RP11_320F15.1	0	0	0	1	0	0	0	0	0	0	0	0
1396	P78347__GTF2I	2	3	2	4	2	2	2	4	1	0	2	3
1397	P78371__CCT2	14	12	12	10	11	16	12	11	11	11	7	15
1398	P78417__GSTO1	0	1	0	1	2	1	0	0	0	1	1	1
1399	P78527__PRKDC	10	9	7	12	12	13	11	13	12	17	12	12
1400	P80723__BASP1	0	0	0	0	0	0	0	0	0	0	0	0
1401	P82663__MRPS25	1	0	0	0	1	0	0	0	0	0	0	0
1402	P82933__MRPS9	1	0	0	1	1	1	0	1	0	1	0	0
1403	P82979__SARNP_CIP29	2	1	0	1	3	1	0	1	2	1	1	2
1404	P84085__ARF5	1	1	0	1	0	1	0	0	0	0	1	0
1405	P84090__ERH	2	2	0	3	1	3	5	3	2	3	4	2
1406	P85037__FOXK1	0	0	0	0	0	0	0	1	0	0	0	0
1407	P98179__RBM3	2	0	1	0	0	1	0	0	0	0	1	0
1408	Q00059__TFAM	1	0	0	1	0	0	1	1	1	1	1	2
1409	Q00341__HDLBP	0	1	2	0	0	2	1	1	1	1	2	0
1410	Q00534__CDK6	0	0	0	0	0	0	0	0	0	0	0	0
1411	Q00535__CDK5	1	2	0	1	1	1	2	0	0	2	1	2
1412	Q00577__PURA	1	0	0	1	1	1	0	1	0	1	0	2
1413	Q00610__CLTC	12	11	2	10	11	11	10	9	14	12	10	10
1414	Q00688__FKBP3	1	1	0	2	0	1	0	1	1	0	0	0
1415	Q00796__SORD	1	0	0	0	0	0	1	1	1	0	1	1
1416	Q00839__HNRNPU	8	6	8	9	7	12	11	10	10	7	9	7
1417	Q01081__U2AF1_U2AF1L4	2	3	2	3	4	2	4	2	2	1	2	0
1418	Q01082__SPTBN1	3	1	1	1	1	3	2	1	1	0	2	3
1419	Q01105__SET	0	0	0	1	0	0	0	0	0	0	0	0
1420	Q01105_2__	2	5	1	3	2	2	3	3	0	2	4	3
1421	Q01469__FABP5	3	4	3	5	2	3	2	8	3	3	2	5
1422	Q01518__CAP1	3	3	1	4	5	5	3	4	2	1	3	2
1423	Q01581__HMGCS1	0	0	0	0	0	1	0	1	1	0	0	0
1424	Q01658__DR1	1	0	0	2	0	0	0	0	1	0	1	0
1425	Q01813__PFKP	1	3	0	1	3	1	0	5	4	1	2	0
1426	Q02040__AKAP17A	0	0	0	0	0	0	0	0	0	0	0	0
1427	Q02790__FKBP4	4	4	4	7	7	6	6	4	8	6	4	7
1428	Q02878__RPL6	5	5	2	6	9	4	6	4	5	6	8	3
1429	Q02952__AKAP12	0	2	0	3	0	2	1	2	1	4	1	1
1430	Q04760__GLO1	1	4	2	3	5	3	7	5	4	4	5	2
1431	Q04837__SSBP1	2	1	3	3	1	1	3	0	3	2	0	1
1432	Q04917__YWHAH	1	0	0	0	4	0	1	1	1	0	0	0
1433	Q05519__SRSF11_SFRS11	1	1	0	1	0	0	1	3	0	1	1	1
1434	Q05639__EEF1A2	0	1	0	1	0	0	0	0	0	2	0	0
1435	Q06124__PTPN11	0	1	0	0	1	0	1	0	1	1	0	0
1436	Q06203__PPAT	1	1	0	1	1	1	1	1	1	1	2	2
1437	Q06210__GFPT1	0	1	0	1	0	0	0	0	0	0	0	0
1438	Q06323__PSME1	0	1	0	1	0	1	2	0	0	0	0	0
1439	Q06830__PRDX1	4	8	5	10	11	9	8	8	8	8	9	6
1440	Q07021__C1QBP	5	3	4	6	2	4	3	3	2	2	3	5
1441	Q07065__CKAP4	0	1	0	0	1	1	0	0	0	1	0	0
1442	Q07666__KHDRBS1	1	2	0	0	1	0	2	2	2	1	0	1
1443	Q07812_2__BAX	1	1	0	0	0	1	0	0	1	0	1	1
1444	Q07960__ARHGAP1	1	2	0	0	1	0	0	0	0	0	0	0
1445	Q08170__SRSF4	2	2	0	4	0	2	2	1	2	0	3	3
1446	Q08211__DHX9	7	7	11	13	9	7	12	10	14	13	14	7
1447	Q08380__LGALS3BP	0	1	0	0	0	0	0	0	0	0	0	1
1448	Q08752__PPID	0	0	0	1	0	0	0	1	0	0	2	0
1449	Q08945__SSRP1	3	4	2	2	2	2	2	3	1	1	2	3
1450	Q08J23__NSUN2	1	4	0	2	2	2	2	0	2	2	0	1
1451	Q09028__RBBP4	1	2	2	2	2	0	0	1	3	2	0	1
1452	Q09161__NCBP1	0	1	0	0	0	0	0	0	0	0	0	1
1453	Q0VDF9__HSPA14	0	0	0	0	1	0	0	1	0	0	0	0
1454	Q10567__AP1B1	2	1	0	0	0	0	0	0	0	0	1	1
1455	Q10570__CPSF1	0	0	0	0	0	1	0	0	0	0	0	0
1456	Q10713__PMPCA	0	0	0	0	1	2	0	1	1	1	0	1
1457	Q12788__TBL3	0	1	0	3	0	0	0	3	3	1	3	1
1458	Q12904_2__AIMP1	0	3	0	1	1	1	2	2	0	1	1	2
1459	Q12905__ILF2	0	1	3	1	5	2	1	4	1	3	2	2
1460	Q12906__ILF3	6	7	5	4	8	5	4	6	3	5	6	5
1461	Q12948__FOXC1	0	0	0	0	0	0	0	0	1	0	1	0
1462	Q12962__TAF10	0	0	0	0	0	0	0	0	0	0	1	0
1463	Q12972__PPP1R8	0	0	0	0	0	0	0	0	0	0	0	0
1464	Q12996__CSTF3	1	0	0	1	0	0	1	0	0	0	1	0
1465	Q13011__ECH1	1	1	1	2	0	2	0	0	0	0	2	1
1466	Q13112__CHAF1B	1	0	0	0	0	0	0	0	0	0	0	0
1467	Q13123__IK	2	0	0	2	0	0	1	0	1	0	1	0
1468	Q13148_2__TARDBP	2	0	3	4	2	2	2	2	2	1	3	1
1469	Q13151__HNRNPA0	3	5	2	2	5	6	3	8	3	2	4	3
1470	Q13155__AIMP2	0	1	2	1	0	0	1	1	1	1	1	2
1471	Q13162__PRDX4	4	6	2	4	5	5	4	3	5	1	3	5
1472	Q13177__PAK2	2	0	1	0	1	1	0	1	0	0	1	0
1473	Q13185__CBX3	5	6	1	5	1	3	6	1	3	2	6	5
1474	Q13243__SRSF5	1	0	0	0	0	0	0	0	0	0	1	1
1475	Q13247__SRSF6	0	1	1	0	0	0	0	1	0	0	0	0
1476	Q13263__TRIM28	9	9	7	8	8	11	7	8	5	11	6	11
1477	Q13283__G3BP1	2	3	1	3	5	4	4	3	5	2	2	3
1478	Q13347__EIF3I	3	2	1	0	3	1	0	2	2	2	2	1
1479	Q13404__UBE2V1_TMEM189	0	2	0	1	1	1	0	1	1	0	0	1
1480	Q13405__MRPL49	1	0	0	0	1	0	0	0	0	0	0	0
1481	Q13435__SF3B2	2	1	1	3	2	0	2	5	2	2	2	3
1482	Q13442__PDAP1	1	1	1	2	0	2	1	1	1	0	1	0
1483	Q13541__EIF4EBP1	1	0	0	0	0	1	1	0	0	1	1	1
1484	Q13542__EIF4EBP2	1	2	0	1	1	0	1	1	1	1	1	0
1485	Q13618__CUL3	0	0	0	0	1	0	0	0	0	0	0	0
1486	Q13642_4__FHL1	2	2	3	3	2	2	3	2	1	1	1	1
1487	Q13895__BYSL	1	1	0	0	1	2	1	1	0	1	0	2
1488	Q14008_3__CKAP5	5	3	1	4	4	3	3	3	4	2	6	4
1489	Q14019__COTL1	0	2	0	0	0	0	0	1	0	0	0	0
1490	Q14103__HNRNPD	10	6	4	6	7	5	6	8	6	7	6	9
1491	Q14126__DSG2	0	0	0	0	0	1	0	0	0	0	1	0
1492	Q14137__BOP1_KM_PA_2	1	0	0	0	0	0	0	0	0	0	0	1
1493	Q14152__EIF3A	4	4	3	1	3	1	2	1	3	2	3	7
1494	Q14160_3__SCRIB	1	0	0	1	0	0	1	0	1	0	0	0
1495	Q14166__TTLL12	3	1	0	2	1	1	0	0	0	2	1	2
1496	Q14195_2__DPYSL3	0	0	0	1	1	1	0	0	1	0	1	0
1497	Q14204__DYNC1H1	6	6	2	8	5	9	8	5	5	6	7	9
1498	Q14240_2__EIF4A2	0	1	0	0	0	0	1	0	1	1	0	1
1499	Q14247__CTTN	1	0	2	1	0	0	1	1	0	2	1	3
1500	Q14258__TRIM25	0	0	0	0	0	0	0	2	0	1	1	0
1501	Q14558_2__PRPSAP1	0	0	0	0	1	0	0	1	0	0	0	0
1502	Q14566__MCM6	3	1	2	1	1	1	2	2	1	2	1	2
1503	Q14683__SMC1A	2	0	0	1	2	3	2	2	2	3	3	1
1504	Q14684__RRP1B	1	0	0	0	0	0	0	0	0	0	0	0
1505	Q14690__PDCD11	1	1	0	1	1	1	0	1	1	2	1	1
1506	Q14694_2__USP10	1	0	0	1	0	0	0	0	0	0	0	0
1507	Q14696__MESDC2	0	0	0	0	0	1	0	0	0	0	1	0
1508	Q14697__GANAB	7	6	4	4	4	5	11	6	5	8	6	6
1509	Q14739__LBR	0	1	0	0	1	0	1	0	0	1	0	1
1510	Q14974__KPNB1	7	9	3	7	4	5	8	7	9	5	11	10
1511	Q14978_2__NOLC1	2	0	1	1	0	1	2	2	3	0	2	0
1512	Q14978_3__	0	1	0	0	0	0	1	0	0	0	0	0
1513	Q14980__NUMA1	1	4	0	0	2	1	1	1	1	0	3	1
1514	Q15008__PSMD6	2	0	1	0	0	0	1	0	0	1	0	2
1515	Q15019_2__9_2_2013	1	3	2	0	2	2	2	0	2	1	1	3
1516	Q15029__EFTUD2	6	3	4	4	6	2	3	3	4	4	3	3
1517	Q15046__KARS	6	0	1	3	1	2	5	3	2	1	2	3
1518	Q15056__EIF4H	3	2	1	5	2	5	4	2	4	2	2	1
1519	Q15102__PAFAH1B3	2	0	0	1	0	2	2	1	1	2	1	1
1520	Q15149__PLEC	0	0	0	0	3	0	0	0	0	0	0	0
1521	Q15181__PPA1	5	7	6	7	4	5	2	7	7	3	9	8
1522	Q15233__NONO	8	3	3	7	4	4	3	2	4	1	9	6
1523	Q15269__PWP2	1	0	0	0	0	0	0	0	0	0	0	0
1524	Q15291__RBBP5	0	0	0	0	0	0	1	1	0	0	0	0
1525	Q15293__RCN1	0	0	0	0	0	1	0	0	0	0	2	0
1526	Q15345__LRRC41	0	0	0	1	0	0	0	0	0	0	1	0
1527	Q15365__PCBP1	5	5	5	6	4	2	6	4	6	5	5	6
1528	Q15366_5__PCBP2	4	3	3	3	1	1	3	1	2	3	4	3
1529	Q15388__TOMM20	0	0	0	0	1	0	0	0	0	0	0	0
1530	Q15393__SF3B3	3	6	4	1	6	6	4	6	0	4	2	5
1531	Q15404__RSU1	1	1	0	0	0	0	0	0	0	0	0	0
1532	Q15417__CNN3	3	2	0	4	1	0	2	1	3	1	0	1
1533	Q15427__SF3B4	0	1	1	1	0	0	0	0	1	1	0	0
1534	Q15428__SF3A2	1	3	0	1	0	5	0	5	4	3	2	2
1535	Q15437__SEC23B	0	0	0	1	0	0	0	0	1	0	0	0
1536	Q15459__SF3A1	1	2	3	2	1	3	2	1	0	3	1	1
1537	Q15542__TAF5	0	0	0	0	0	0	0	0	0	1	0	0
1538	Q15637_5__SF1	1	1	0	1	1	2	1	0	2	3	1	1
1539	Q15645__TRIP13	0	0	0	0	0	1	1	0	0	0	1	1
1540	Q15648__MED1	0	1	0	1	1	1	1	0	1	1	1	1
1541	Q15654__TRIP6	0	0	0	0	0	0	0	0	0	0	0	1
1542	Q15691__MAPRE1	3	2	2	2	2	2	5	3	2	2	3	1
1543	B4DVB8__ELAVL1	1	0	2	1	1	2	4	1	1	2	5	3
1544	Q15758__SLC1A5	3	0	0	2	2	1	3	1	2	2	1	1
1545	Q15785__TOMM34	1	4	0	1	0	1	0	1	0	2	3	0
1546	Q15813__TBCE	0	0	1	2	1	0	3	2	0	1	1	0
1547	Q15819__UBE2V2	0	0	0	0	0	0	0	0	0	0	1	0
1548	Q15836__VAMP3_VAMP2	0	2	0	1	0	1	1	0	1	0	1	0
1549	Q15843__NEDD8_NEDD8_MDP1	1	0	0	3	1	2	0	2	0	1	0	1
1550	Q16186__ADRM1	0	1	0	0	0	1	1	0	1	0	1	0
1551	Q16204__CCDC6	0	1	0	0	0	0	0	0	0	0	0	0
1552	Q16222__UAP1	1	0	0	1	1	0	0	1	0	0	0	0
1553	Q16352__INA	0	1	0	0	1	0	1	1	0	0	0	0
1554	Q16513__PKN2	0	1	0	1	1	0	1	1	0	3	1	2
1555	Q16531__DDB1	7	6	3	6	6	6	6	7	8	7	2	5
1556	Q16543__CDC37	1	3	2	2	2	1	3	4	2	3	4	1
1557	Q16555__DPYSL2	0	1	0	2	2	1	0	1	0	0	0	1
1558	Q16576__RBBP7	5	2	2	5	2	3	3	4	1	5	3	4
1559	Q6FI13__HIST2H2AA3_HIST2H2AC	4	4	4	5	5	3	5	3	3	3	4	2
1560	Q16850__CYP51A1	1	0	0	1	1	1	1	2	1	0	2	2
1561	Q1KMD3__HNRNPUL2_hCG_2044799	0	0	0	0	0	0	3	1	1	1	0	0
1562	Q29RF7__PDS5A	0	0	1	0	0	1	0	0	0	0	0	1
1563	Q2NL82__TSR1	0	1	0	1	0	1	0	0	1	0	1	0
1564	Q2T9J0__TYSND1	1	0	0	0	0	0	0	1	0	0	1	0
1565	Q2TAL8__QRICH1	0	0	0	0	1	1	1	0	0	0	0	0
1566	Q2TAY7__SMU1	0	1	0	0	0	0	1	1	1	1	2	0
1567	Q3KQU3__MAP7D1	0	1	0	0	0	0	1	0	0	0	0	1
1568	Q3ZCM7__TUBB8_RP11_631M21.2	3	1	1	3	2	1	3	2	2	3	2	2
1569	Q49AM7__KLK12	0	0	0	0	0	0	0	0	0	0	0	0
1570	Q4G148__GXYLT1	0	1	0	0	0	0	1	0	0	0	0	1
1571	Q52LJ0_2__FAM98B	0	0	1	1	0	0	1	0	0	0	0	0
1572	Q53EL6__PDCD4	2	2	0	1	0	1	0	0	1	1	0	0
1573	Q53GQ0__HSD17B12	0	1	2	0	1	2	0	1	2	1	0	1
1574	Q562R1__ACTBL2	0	0	0	0	1	0	0	0	0	0	1	0
1575	Q58FF8__HSP90AB2P	2	2	1	3	3	2	2	2	3	3	1	2
1576	Q5BKZ1__ZNF326	0	0	1	1	0	1	0	0	0	0	1	1
1577	Q5HYI8__RABL3	0	0	0	0	0	0	0	0	0	0	0	0
1578	Q9BVM2__DPCD_RP11_529I10.4	0	0	0	0	1	0	1	0	0	1	1	0
1579	Q5JTH9__RRP12	0	0	0	0	0	0	2	1	0	0	0	0
1580	Q5JTJ3_2__C1orf31	1	0	0	1	0	0	1	0	0	0	1	0
1581	Q5JTZ9__AARS2	0	0	0	0	1	1	0	0	0	0	3	0
1582	Q5JVF3_4__PCID2	0	0	0	1	0	0	0	0	1	1	0	0
1583	Q9BZJ0__CRNKL1	1	1	0	0	0	0	0	0	0	0	0	0
1584	Q5LJA9__UCHL5	1	1	0	1	0	0	0	1	1	0	1	1
1585	Q9UKM9__RALY	0	1	0	1	1	0	0	1	1	0	0	1
1586	Q5RKV6__EXOSC6	0	0	0	0	0	0	1	0	0	0	0	0
1587	Q5SRE5__NUP188	1	1	0	1	1	3	1	1	2	1	1	1
1588	Q9Y676__MRPS18B	0	0	0	0	0	0	0	0	0	0	0	0
1589	Q5SVZ6__ZMYM1	0	0	0	0	0	0	0	0	0	0	0	0
1590	Q5T1J5__CHCHD2P9_CHCHD2	0	1	2	0	0	1	2	1	1	1	0	1
1591	Q9H583__HEATR1	0	2	0	1	0	0	2	1	1	0	0	1
1592	Q5T4S7_2__UBR4	1	0	0	0	0	0	0	1	0	1	0	1
1593	Q5T655__CCDC147_RP11_554P13.1	0	0	0	0	1	0	0	0	1	1	0	0
1594	Q8NI60__ADCK3_CABC1	1	0	0	1	0	0	0	0	0	0	0	0
1595	Q5T8P6_2__RBM26	0	1	0	1	1	2	0	1	0	2	0	0
1596	Q86YB8__ERO1LB	1	0	0	0	0	0	0	0	0	0	0	0
1597	Q9BTT0__ANP32E	4	1	2	4	2	2	1	2	4	2	2	0
1598	Q9NR45__NANS	0	0	0	1	1	0	0	0	0	0	0	0
1599	Q5TDF0__C1orf57_NTPCR	0	1	0	2	1	3	0	2	1	0	0	1
1600	Q5TDH0_3__DDI2	0	0	0	0	1	2	0	0	0	0	1	0
1601	Q5TFE4__NT5DC1	2	2	0	1	2	2	0	2	3	0	2	2
1602	Q5VTL8__PRPF38B	0	0	0	0	0	0	0	0	0	1	0	0
1603	Q5VWJ9__SNX30	0	0	0	0	0	0	0	0	0	0	0	0
1604	Q5VYK3__ECM29	0	1	0	1	0	1	2	1	2	0	5	1
1605	Q9NP72_2__RAB18	0	0	0	0	0	0	0	0	0	0	0	0
1606	Q68E01__INTS3	0	0	0	0	1	0	0	0	0	0	0	0
1607	Q69YN2__CWF19L1	0	0	0	0	0	0	1	1	0	1	2	0
1608	Q99426__TBCB_CKAP1	2	0	0	1	0	2	0	0	3	1	0	1
1609	Q6GMV3__PTRHD1	0	0	0	0	0	0	1	0	0	0	1	0
1610	Q6KB66_3__	0	0	0	0	0	0	0	1	1	0	0	0
1611	Q6KC79__NIPBL	0	0	0	1	0	0	1	0	0	0	0	1
1612	Q96J01__THOC3	0	0	0	0	0	0	0	0	0	1	1	0
1613	Q6P1J9__CDC73	0	1	0	2	1	1	1	1	2	2	2	0
1614	Q6P1L8__MRPL14	0	0	0	1	0	0	0	0	0	0	0	0
1615	Q6P2E9__EDC4	0	1	0	0	1	1	0	0	1	0	1	1
1616	Q6P2Q9__PRPF8	2	4	0	5	3	2	3	1	1	2	4	2
1617	Q6P587_3__FAHD1	1	0	0	0	0	0	0	0	0	0	0	0
1618	Q6PI48__DARS2	1	0	0	0	1	0	1	0	0	0	0	0
1619	Q6PKG0__LARP1	0	1	0	0	1	1	1	0	0	1	1	1
1620	Q6RW13__AGTRAP	0	0	0	1	0	0	1	1	1	0	1	0
1621	Q6UB35__MTHFD1L	1	0	0	1	0	0	2	1	1	0	2	0
1622	Q6UN15__FIP1L1	1	0	0	0	0	0	0	1	1	1	1	1
1623	Q6YN16__HSDL2	0	0	0	0	0	0	1	1	1	0	0	0
1624	Q70EL4_2__	1	0	0	0	1	1	0	1	1	1	0	0
1625	Q71DI3__HIST2H3A	0	0	0	0	0	0	0	0	0	0	0	0
1626	Q7KZ85__SUPT6H	1	2	0	0	0	2	0	1	0	0	1	0
1627	Q7KZF4__SND1	5	7	3	5	6	6	6	7	5	4	6	6
1628	Q7L014__DDX46	2	0	1	4	2	2	1	0	1	1	1	2
1629	Q7L2H7__EIF3M	0	0	0	0	0	1	0	1	2	1	0	0
1630	Q7L576__CYFIP1	1	0	0	1	0	0	0	0	0	1	0	0
1631	Q7L9L4_2__MOB1B_MOB1A	0	0	0	0	0	0	0	0	0	0	0	0
1632	Q7RTV0__PHF5A	1	0	0	1	0	0	0	1	0	1	0	0
1633	Q7Z2T5__TRMT1L	0	0	0	1	0	0	0	1	0	0	0	0
1634	Q7Z3T8__ZFYVE16	0	0	0	0	0	1	0	0	0	0	0	0
1635	Q7Z478__DHX29	0	0	0	0	0	0	0	0	0	0	0	0
1636	Q7Z4H3__HDDC2	1	1	1	1	1	1	0	1	1	2	0	1
1637	Q7Z4H8__KDELC2	0	1	0	0	0	0	0	1	1	0	0	0
1638	Q7Z5K2_3__WAPAL	0	0	0	1	0	0	0	1	1	0	1	0
1639	Q7Z6Z7__HUWE1	2	2	1	0	2	3	1	3	0	3	1	2
1640	Q7Z7H8_2__MRPL10	0	0	0	0	0	0	0	0	1	1	1	0
1641	Q7Z7K6__CENPV	2	0	0	1	1	1	0	0	0	1	1	0
1642	Q86SX6__GLRX5	0	0	0	0	0	0	1	0	0	0	0	1
1643	Q86TG7__PEG10	0	0	0	0	0	0	0	0	0	0	0	0
1644	Q86U42__PABPN1	0	0	0	0	0	0	0	0	0	1	0	0
1645	Q86UP2__KTN1	0	0	0	2	0	1	0	0	0	0	0	0
1646	Q8NBS9__TXNDC5	1	2	1	1	1	2	2	2	1	1	2	0
1647	Q86VP6__CAND1	4	6	4	9	10	4	6	9	5	8	10	11
1648	Q86VU5__COMTD1	0	1	0	0	0	1	0	2	0	0	0	0
1649	Q86W42__THOC6	0	0	0	0	0	1	0	0	0	1	0	0
1650	Q86X55__CARM1	1	1	0	0	1	2	0	0	0	0	1	0
1651	Q86XP3__DDX42	1	0	0	1	0	1	0	2	1	0	0	0
1652	Q86Y56__HEATR2	0	0	0	1	0	1	1	0	0	0	0	0
1653	Q86YM7__HOMER1	0	0	0	0	0	1	0	0	0	0	0	0
1654	Q8IUI8__CRLF3	0	0	0	1	0	0	0	0	0	0	0	0
1655	Q8IWA0__WDR75	0	0	0	0	0	0	1	1	0	1	0	0
1656	Q8IXH7__TH1L	0	0	0	0	0	0	0	0	1	0	1	0
1657	Q8IY81__FTSJ3	0	0	0	1	0	0	1	0	1	0	0	0
1658	Q8IYB8__SUPV3L1	0	1	0	0	0	0	1	0	1	0	0	1
1659	Q8IYU8__EFHA1	0	0	0	0	0	1	1	0	0	0	0	0
1660	Q8IZQ1__WDFY3	0	0	0	0	0	0	0	1	0	0	0	0
1661	Q8N163__KIAA1967	2	0	0	2	0	1	3	1	2	0	3	1
1662	Q8N183__NDUFAF2	1	0	0	1	0	0	1	0	0	0	1	1
1663	Q8N1G4__LRRC47	3	3	0	2	0	0	1	1	3	3	2	2
1664	Q8N257__HIST3H2BB	0	0	1	0	0	1	0	0	0	0	0	0
1665	Q8N5M9__JAGN1	0	0	0	0	0	0	0	0	0	0	0	0
1666	Q8N8S7__ENAH	0	0	0	0	0	0	0	0	0	1	0	2
1667	Q8NBJ5__GLT25D1	0	1	0	0	1	1	1	1	1	0	0	1
1668	Q8NC51__SERBP1	4	6	5	9	13	8	10	11	7	9	9	4
1669	Q8NCW5__APOA1BP	1	0	0	1	3	1	1	0	1	0	1	1
1670	Q8NDC0__MAPK1IP1L	0	0	0	0	0	1	0	0	0	0	2	0
1671	Q8NEJ9__NGDN	0	0	0	0	0	0	0	0	1	1	0	0
1672	Q8NEV4__MYO3A	1	0	0	1	0	0	0	0	0	0	0	1
1673	Q8NF37__LPCAT1	0	1	0	0	2	1	0	0	1	1	0	1
1674	Q8NFH3__NUP43	0	1	0	1	1	1	1	1	0	1	1	1
1675	Q8NFH4__NUP37	0	0	0	0	0	0	0	0	0	0	0	0
1676	Q8NFT6__DBF4B	0	0	0	0	0	0	0	0	0	0	1	1
1677	Q8NI27__THOC2	2	1	0	2	3	1	1	2	2	2	3	1
1678	Q8NI36__WDR36	1	1	0	0	0	1	0	0	1	0	1	1
1679	Q8TBQ9__TMEM167A	0	0	0	0	0	0	1	0	0	0	0	1
1680	Q8TDN6__BRIX1	0	1	0	0	0	1	1	0	1	0	0	1
1681	Q8TEM1__NUP210	0	0	0	1	0	0	0	0	1	0	1	0
1682	Q8TEQ6__GEMIN5	0	0	0	0	0	0	0	0	0	0	0	0
1683	Q8TEX9_2__IPO4	4	3	0	5	1	4	2	3	4	1	2	3
1684	Q8WUA2__PPIL4	0	0	0	0	0	0	1	1	0	0	0	0
1685	Q8WUH6__C12orf23	1	1	1	0	1	0	0	0	1	1	0	0
1686	Q8WUM4_2__PDCD6IP	5	5	5	4	3	3	6	3	4	4	4	3
1687	Q8WVM8__SCFD1	1	0	0	0	0	0	0	0	2	1	0	0
1688	Q8WW12__PCNP	0	0	0	0	0	0	0	0	0	1	0	0
1689	Q8WXA9_2__SREK1	0	0	0	0	0	0	1	1	0	0	0	0
1690	Q8WXF1__PSPC1	4	1	0	1	2	3	1	1	3	1	2	3
1691	Q8WXI9__GATAD2B	0	0	0	0	1	0	0	0	0	0	0	0
1692	Q8WXX5__DNAJC9	2	1	0	1	1	0	0	0	0	0	0	1
1693	Q8WY21_3__	0	0	0	0	0	0	0	0	0	0	1	0
1694	Q8WZ75__ROBO4	0	0	0	0	0	0	0	0	0	0	0	0
1695	Q92499__DDX1	3	1	3	3	4	3	2	5	4	3	2	1
1696	Q92522__H1FX	0	0	1	0	0	0	0	0	0	0	0	0
1697	Q92597__NDRG1	0	0	2	1	1	0	2	0	0	1	1	2
1698	Q92598__HSPH1	4	1	2	1	2	4	1	0	0	0	1	0
1699	Q92616__GCN1L1	5	3	2	2	7	5	3	7	6	8	4	3
1700	Q92620__DHX38	1	0	0	1	0	1	0	0	1	0	0	0
1701	Q92621__NUP205	0	1	0	1	1	1	0	0	0	0	0	0
1702	Q92688__ANP32B	0	0	0	1	1	2	1	0	1	2	1	1
1703	Q92797__SYMPK	0	2	0	0	0	0	0	0	0	1	0	0
1704	Q92820__GGH	1	1	0	2	2	2	1	1	1	0	0	0
1705	Q92878_2__RAD50	1	0	1	0	1	0	0	0	1	0	0	1
1706	Q92882__OSTF1	0	1	0	0	1	0	0	1	0	0	0	0
1707	Q92900__UPF1	4	2	0	0	0	2	2	1	1	1	2	1
1708	Q92917__GPKOW	0	0	0	0	0	0	1	0	1	0	0	0
1709	Q92922__SMARCC1	1	0	1	1	1	0	0	1	1	2	1	1
1710	Q92945__KHSRP	5	5	4	8	8	5	9	12	7	9	7	9
1711	Q92973__TNPO1	2	1	1	0	2	3	1	2	2	0	0	1
1712	Q92979__EMG1	0	0	0	0	0	0	0	1	1	0	0	0
1713	Q93008__USP9X_USP9Y	1	1	0	0	0	0	0	1	0	0	0	0
1714	Q93009__USP7	0	1	0	3	0	2	1	1	1	2	0	0
1715	Q93034__CUL5	0	1	0	1	1	1	1	1	0	1	1	1
1716	Q969U7__PSMG2	0	1	0	0	0	0	0	0	0	0	1	1
1717	Q96A49__SYAP1	1	0	0	0	0	1	0	0	0	0	0	0
1718	Q96AB3_2__ISOC2	0	0	0	0	1	0	1	1	0	0	0	0
1719	Q96AG4__LRRC59	2	1	1	1	2	2	1	1	0	1	0	2
1720	Q96AY3__FKBP10	1	1	0	2	3	0	0	1	0	2	0	0
1721	Q96B26__EXOSC8	0	1	0	1	0	0	1	0	0	0	1	0
1722	Q96C36__PYCR2	0	0	2	1	2	2	1	1	1	0	1	0
1723	Q96C90__PPP1R14B_LIMK2	0	0	0	0	1	0	2	1	0	0	0	0
1724	Q96CS3__FAF2	0	1	0	0	0	0	1	0	0	0	0	1
1725	Q96CT7__CCDC124	1	0	0	0	0	0	0	0	0	0	0	2
1726	Q96CX2__KCTD12	1	1	1	4	2	1	2	0	1	4	2	1
1727	Q96DG6__CMBL	2	1	1	1	1	1	2	0	2	1	2	0
1728	Q96EK5__KIAA1279	0	0	0	0	1	0	0	1	0	0	0	1
1729	Q96EL3__MRPL53	1	1	0	0	2	2	0	1	4	2	1	1
1730	Q96EY7__PTCD3	0	0	0	0	0	0	0	0	0	0	1	0
1731	Q96FV9__THOC1	0	0	0	0	0	0	0	0	0	0	0	0
1732	Q96G03__PGM2	0	0	0	0	0	1	1	0	0	0	0	0
1733	Q96GD0__PDXP	0	0	0	0	0	0	0	0	1	0	0	0
1734	Q96GQ7__DDX27	0	0	0	2	0	0	1	0	0	0	0	2
1735	Q96HE7__ERO1L	1	1	0	0	0	1	2	0	0	1	0	0
1736	Q96HS1__PGAM5	0	0	0	0	0	1	0	0	0	0	0	1
1737	Q96HY6__DDRGK1	0	0	0	1	0	0	0	0	0	1	1	0
1738	Q96I24__FUBP3	0	1	1	3	1	0	1	1	1	1	1	2
1739	Q96I99__SUCLG2	1	2	0	0	0	2	2	1	1	1	1	1
1740	Q96IX5__USMG5	0	0	0	2	0	1	0	0	1	0	0	0
1741	Q96JM3__CHAMP1	0	1	0	0	0	1	1	0	0	1	0	1
1742	Q96K17__BTF3L4	0	0	1	0	1	0	0	1	0	1	1	1
1743	Q96KN1__FAM84B	0	0	0	0	1	0	0	0	0	0	0	0
1744	Q96KP1__EXOC2	0	0	0	0	0	0	0	0	0	0	0	1
1745	Q96P70__IPO9	0	1	0	1	0	0	1	0	1	0	1	1
1746	Q96PK6__RBM14	1	1	2	2	1	2	2	1	2	3	1	2
1747	Q96PZ0__PUS7	0	0	0	0	0	0	0	1	0	0	0	0
1748	Q96Q11__TRNT1	0	1	0	0	0	1	0	1	1	0	0	0
1749	Q96QK1__VPS35	2	6	2	4	4	4	2	5	4	2	4	4
1750	Q96T37__RBM15	0	0	0	0	0	0	1	1	0	0	0	0
1751	Q96T76_8__MMS19	2	0	0	1	1	1	4	0	1	1	2	1
1752	Q96T88_2__UHRF1	0	1	0	0	0	2	1	0	0	0	0	0
1753	Q99417__MYCBP	1	0	0	1	0	1	0	0	0	0	0	0
1754	Q99459__CDC5L	1	1	0	3	1	3	0	0	2	0	1	1
1755	Q99460__PSMD1	0	1	1	0	3	1	1	2	1	0	1	2
1756	Q99471__PFDN5	3	5	2	4	3	1	2	2	1	2	1	2
1757	Q99497__PARK7	5	4	6	7	8	3	5	9	6	6	9	8
1758	Q99536__VAT1	0	0	0	0	0	1	2	1	1	1	1	0
1759	Q99584__S100A13	1	0	0	1	0	0	0	0	0	0	0	0
1760	Q99614__TTC1	0	0	0	0	0	2	1	0	1	0	0	1
1761	Q99615__DNAJC7	2	0	1	1	1	0	0	1	0	1	1	0
1762	Q99714__HSD17B10	4	4	6	4	8	8	5	5	5	6	7	7
1763	Q99729_3__HNRNPAB	9	3	4	6	6	6	10	8	8	7	4	6
1764	Q99832__CCT7	6	5	3	7	10	5	9	7	4	6	5	3
1765	Q9BPX3__NCAPG	0	2	0	0	0	0	0	0	0	0	0	0
1766	Q9BPX5__ARPC5L	0	0	0	0	0	0	0	0	0	0	0	1
1767	Q9BQ39__DDX50	2	1	0	0	1	0	0	0	0	0	1	0
1768	Q9BQ52__ELAC2	0	1	0	1	2	0	1	0	1	0	1	0
1769	Q9BQ69__MACROD1	0	0	1	1	1	0	0	1	1	1	0	1
1770	Q9BQC3__DPH2	1	0	0	0	0	0	1	0	0	1	0	0
1771	Q9BQG0_2__MYBBP1A	5	2	1	3	3	5	3	3	1	2	4	4
1772	Q9BRP8__WIBG	0	0	0	0	0	0	0	0	0	0	0	0
1773	Q9BS26__ERP44	0	1	1	1	0	0	2	0	0	1	1	0
1774	Q9BSJ8_2__ESYT1	1	0	0	1	0	1	3	2	2	0	1	1
1775	Q9BUF5__TUBB6	0	0	0	0	0	0	0	1	0	0	0	0
1776	Q9BVA1__TUBB2B_TUBB2A	2	2	1	2	0	1	1	2	1	2	1	1
1777	Q9BVC6__TMEM109	1	1	0	0	1	0	0	0	0	0	0	0
1778	Q9BVG4__CXorf26	0	1	0	0	1	2	0	0	0	0	1	0
1779	Q9BVK6__TMED9	0	0	0	0	0	0	0	1	0	0	1	0
1780	Q9BVP2__GNL3	0	0	2	0	1	0	0	1	1	0	1	0
1781	Q9BW71__HIRIP3	0	1	0	0	0	1	0	0	0	0	0	0
1782	Q9BWD1__ACAT2	4	3	2	5	3	4	2	1	3	3	3	1
1783	Q9BWF3__RBM4	1	0	0	0	1	1	0	1	0	1	1	1
1784	Q9BWJ5__SF3B5	0	0	0	2	0	0	0	0	0	1	2	0
1785	Q9BX68__HINT2	1	0	0	0	0	1	0	1	0	0	0	0
1786	Q9BXJ9__NAA15	1	0	0	0	1	0	1	0	1	1	1	1
1787	Q9BXP5__SRRT	1	1	0	2	1	0	2	0	0	1	1	2
1788	Q9BY32__ITPA	0	0	0	1	0	0	1	1	0	1	0	1
1789	Q9BY77__POLDIP3	1	1	0	1	3	0	0	1	1	0	0	1
1790	Q9BZE1__MRPL37	0	0	0	0	0	0	0	0	1	1	0	0
1791	Q9C005__DPY30	1	0	1	0	1	1	0	0	0	1	0	1
1792	Q9C0B1__FTO	0	1	0	2	1	1	1	3	0	1	2	1
1793	Q9C0C9__UBE2O	0	1	0	0	0	1	0	0	1	1	1	0
1794	Q9H0B6__KLC2	0	0	0	0	0	0	0	0	0	1	0	0
1795	Q9H0C8__ILKAP	2	0	0	0	0	0	0	1	0	0	0	0
1796	Q9H0S4__DDX47	0	0	0	1	0	0	0	1	0	0	2	0
1797	Q9H1B7__IRF2BPL	0	0	0	0	0	0	0	0	0	0	0	0
1798	Q9H1E3__NUCKS1	2	2	1	2	1	4	2	1	1	1	1	0
1799	Q9H1E5__TMX4	0	0	0	0	1	0	0	0	0	0	0	1
1800	Q9H2M9__RAB3GAP2	0	0	0	0	0	0	0	0	0	1	0	0
1801	Q9H2W6__MRPL46	0	1	0	0	0	1	0	0	0	0	0	0
1802	Q9H307__PNN	0	0	0	2	0	0	3	0	0	0	0	0
1803	Q9H3G5__CPVL	1	0	0	0	0	0	0	1	0	0	0	0
1804	H3BVE0__BOLA2B_BOLA2	1	0	0	1	1	0	1	1	0	0	0	0
1805	Q9H3P7__ACBD3	0	0	0	1	0	0	0	0	1	0	0	0
1806	Q9H3U1__UNC45A	0	0	0	0	0	0	0	0	0	0	1	0
1807	Q9H444__CHMP4B	0	0	0	0	1	1	0	0	0	0	0	0
1808	Q9H488__POFUT1	0	0	0	0	0	1	0	1	0	0	0	0
1809	Q9H4A6__GOLPH3	0	0	0	0	0	1	0	0	0	0	0	0
1810	Q9H4L7_2__SMARCAD1	0	1	0	0	1	0	0	1	1	0	1	1
1811	Q9H773__DCTPP1	0	0	0	1	1	1	1	1	2	1	0	2
1812	Q9H814__PHAX	1	1	0	0	1	0	0	0	0	0	0	0
1813	Q9H993__C6orf211	0	0	0	1	0	0	0	0	0	0	0	0
1814	Q9H9A6__LRRC40	0	0	0	0	1	1	1	0	1	0	1	0
1815	Q9H9B4__SFXN1	1	1	0	1	1	1	1	0	1	0	1	1
1816	Q9H9J2__MRPL44	0	0	0	0	1	0	1	0	0	0	0	0
1817	Q9HAV4__XPO5	3	3	0	3	4	3	2	2	0	1	1	2
1818	Q9HAV7__GRPEL1	0	0	1	1	0	0	0	0	1	1	1	0
1819	Q9HB71__CACYBP	1	3	3	5	4	3	3	1	1	4	1	2
1820	Q9HCC0__MCCC2	1	1	0	0	0	0	0	0	0	0	0	0
1821	Q9HCD5__NCOA5	0	1	0	0	1	0	1	0	1	0	1	0
1822	Q9HD33__MRPL47	1	1	0	1	1	0	1	1	1	1	1	1
1823	Q9HDC9__APMAP_C20orf3	0	0	0	0	0	1	0	0	0	0	0	0
1824	Q9NP79__VTA1	2	2	1	1	2	2	2	2	1	1	2	2
1825	Q9NPI6__DCP1A	0	1	0	0	1	0	1	0	0	1	1	0
1826	Q9NPJ3__ACOT13	0	1	1	1	0	0	0	1	0	0	0	1
1827	Q9NQ29_3__	1	1	1	1	0	1	1	0	1	1	1	2
1828	Q9NQ88__TIGAR	1	1	0	1	0	1	1	1	2	2	1	1
1829	Q9NQE9__HINT3	0	0	0	0	1	0	0	0	0	0	0	0
1830	Q9NQG5__RPRD1B	1	1	0	1	2	0	2	0	1	0	1	2
1831	Q9NQR4__NIT2	2	0	0	0	0	1	0	0	2	0	1	1
1832	Q9NQT5__EXOSC3	0	0	0	1	0	0	0	0	0	0	0	0
1833	Q9NQX0__PRDM6	0	0	0	0	0	0	0	0	0	0	0	0
1834	Q9NR30__DDX21	1	1	3	2	1	0	5	2	6	1	2	2
1835	Q9NR31__SAR1A_SAR1B	0	0	2	1	0	1	0	0	1	0	0	0
1836	Q9NRF9__POLE3	1	0	1	1	0	0	0	1	1	0	1	0
1837	Q9NRG7_2__	0	0	0	1	0	0	0	0	0	0	1	0
1838	Q9NRG9__AAAS	1	0	0	1	1	0	3	0	2	1	0	0
1839	Q9NRN7__AASDHPPT	0	1	0	2	0	1	0	0	0	1	0	0
1840	Q9NRR5__UBQLN4_UBQLN1	0	1	0	2	1	0	0	1	0	0	0	0
1841	Q9NRW7__VPS45	1	1	0	1	1	1	1	1	1	1	1	1
1842	Q9NRX1__PNO1	0	0	0	0	0	1	1	0	1	0	0	0
1843	Q9NS69__TOMM22	0	1	1	1	0	0	2	1	1	2	0	1
1844	Q9NSD9__FARSB	1	2	1	0	1	1	1	0	1	0	1	1
1845	Q9NUJ1__ABHD10	0	0	1	0	0	0	0	0	0	1	0	0
1846	Q9NUQ3__TXLNG	0	0	0	0	0	0	0	0	0	0	0	0
1847	Q9NUQ9__FAM49B	0	1	0	1	1	0	1	0	1	0	1	0
1848	Q9NV06__DCAF13	1	0	0	0	0	0	0	1	0	0	1	0
1849	Q9NV56__MRGBP	0	0	0	0	0	1	0	0	0	0	0	0
1850	Q9NVI7__ATAD3A	1	0	0	0	0	0	1	1	2	0	1	1
1851	Q9NVP1__DDX18	0	0	0	0	0	0	1	0	1	0	0	0
1852	Q9NWY4__C4orf27	0	0	0	0	0	0	0	0	0	0	1	0
1853	Q9NY12__GAR1	1	1	0	0	0	0	0	1	0	0	0	0
1854	Q9NY61__AATF	0	0	0	1	1	0	0	1	0	0	0	0
1855	Q9NYB0__TERF2IP	1	1	0	1	0	0	1	0	1	1	1	0
1856	Q9NYJ1__CHCHD8	1	0	1	0	0	0	0	0	1	1	0	1
1857	Q9NZ45__CISD1	0	0	0	0	0	1	0	0	0	1	1	1
1858	Q9NZI8__IGF2BP1	7	5	2	4	4	6	3	4	6	4	3	4
1859	Q9NZL4__HSPBP1	1	0	0	0	2	1	0	1	1	0	0	2
1860	Q9NZL9__MAT2B	0	3	0	1	0	1	0	0	0	1	1	0
1861	Q9NZM5__GLTSCR2	0	0	0	0	0	0	0	0	0	0	0	0
1862	Q9NZZ3__CHMP5	0	0	0	0	0	0	0	0	1	0	0	0
1863	Q9P032__NDUFAF4	1	0	0	0	0	0	0	0	0	0	0	0
1864	Q9P1F3__ABRACL	2	0	0	1	0	1	2	2	3	2	0	1
1865	Q9P258__RCC2	0	3	5	6	1	2	2	3	3	4	1	1
1866	Q9P260_2__KIAA1468	0	0	0	0	0	0	0	0	0	0	0	0
1867	Q9P287_2__BCCIP	0	1	0	0	1	0	0	0	0	0	1	1
1868	Q9P2K5__MYEF2	0	0	0	0	0	0	0	0	0	0	1	0
1869	Q9UBB4__ATXN10	3	2	0	3	2	3	2	4	3	2	3	3
1870	Q9UBB6_3__NCDN	0	1	0	0	1	0	0	1	0	0	0	0
1871	Q9UBE0__SAE1	2	1	0	1	1	0	2	2	2	3	0	1
1872	Q9UBF2__COPG2	1	1	0	2	0	0	2	2	3	1	0	1
1873	Q9UBI6__GNG12	0	0	0	0	0	0	0	0	0	0	0	1
1874	Q9UBQ7__GRHPR	0	0	0	0	1	0	0	0	0	0	0	1
1875	Q9UBS4__DNAJB11	1	1	0	2	0	2	1	0	0	0	0	1
1876	Q9UBT2__UBA2	0	1	0	2	2	0	1	2	1	0	0	1
1877	Q9UBV8__PEF1	0	0	0	0	0	0	1	0	0	1	0	0
1878	Q9UEE9__CFDP1	0	0	0	0	0	0	0	0	0	0	1	0
1879	Q9UET6__FTSJ1	1	1	0	0	0	0	1	0	0	0	1	0
1880	Q9UGP8__SEC63	1	0	0	0	0	0	1	0	2	0	0	0
1881	Q9UHA4__LAMTOR3	0	0	0	0	0	0	0	0	0	0	0	0
1882	Q9UHD1__CHORDC1	3	0	1	2	0	2	1	1	2	0	0	0
1883	Q9UHD9__UBQLN2	0	0	1	1	0	0	0	0	0	0	0	0
1884	Q9UHI6__DDX20	0	0	0	1	1	1	0	2	0	0	0	0
1885	Q9UHV9__PFDN2	0	2	1	1	1	1	1	1	2	2	1	1
1886	Q9UHX1__PUF60	1	2	2	1	2	3	1	1	2	1	4	0
1887	Q9UI09__NDUFA12	0	0	0	1	1	0	0	0	0	0	0	0
1888	Q9UIJ7__AK3	1	0	0	0	0	0	0	0	0	1	0	0
1889	Q9UJS0_2__SLC25A13	1	3	0	2	2	3	2	2	2	4	1	0
1890	Q9UJU6__DBNL	2	1	1	1	0	1	0	0	0	0	0	0
1891	Q9UJX2__CDC23	0	1	0	0	0	0	0	0	0	0	0	0
1892	Q9UJZ1__STOML2	2	0	0	3	1	2	2	1	2	1	1	1
1893	Q9UK59__DBR1	0	1	0	0	1	0	0	0	0	0	0	0
1894	Q9UKX7__NUP50	0	0	0	0	0	0	0	0	1	1	0	2
1895	Q9UKY7__CDV3	2	0	1	1	0	0	0	2	1	0	1	0
1896	Q9UL25__RAB21	0	0	0	0	0	1	1	1	1	0	2	1
1897	Q9UL41__PNMA3	1	0	0	0	0	0	1	1	0	0	0	0
1898	Q9UL42__PNMA2	0	0	0	0	0	0	0	0	0	0	0	0
1899	Q9UL46__PSME2	2	1	0	2	1	2	2	2	1	1	1	1
1900	Q9ULC4_3__MCTS1	0	0	0	1	0	0	1	1	1	1	0	1
1901	Q9UMS4__PRPF19	2	4	2	2	4	3	3	3	1	6	4	3
1902	Q9UMX5__NENF	1	0	0	1	0	0	0	0	0	0	0	0
1903	Q9UN86__G3BP2	1	0	0	2	2	0	2	0	0	2	0	2
1904	Q9UNE7__STUB1	2	0	0	0	0	0	1	2	2	1	0	1
1905	Q9UNQ0__ABCG2	0	0	0	0	0	0	0	0	0	0	1	0
1906	Q9UNS2__COPS3	0	1	1	0	1	0	0	0	0	0	0	0
1907	Q9UNW1__MINPP1	0	0	0	0	0	1	1	1	0	1	0	0
1908	Q9UNX4__WDR3	0	0	0	1	0	0	0	0	2	1	0	2
1909	Q9UP38__FZD1	0	0	0	0	0	0	0	0	0	0	0	1
1910	Q9UQ35__SRRM2	2	2	1	1	3	2	3	0	2	1	3	3
1911	Q9UQ80__PA2G4	5	7	6	8	4	7	5	6	5	6	5	7
1912	Q9UQE7__SMC3	0	0	1	0	1	0	0	0	0	1	2	1
1913	Q9Y224__C14orf166	1	1	0	3	3	1	1	2	3	2	1	0
1914	Q9Y230__RUVBL2	1	3	3	4	1	2	3	1	3	3	2	1
1915	Q9Y237_2__PIN4	0	0	0	0	0	0	0	0	0	0	0	0
1916	Q9Y265__RUVBL1	6	7	2	7	3	7	5	6	4	5	7	1
1917	Q9Y266__NUDC	1	1	0	1	1	2	2	2	3	2	1	0
1918	Q9Y295__DRG1	0	0	0	0	0	0	0	1	1	1	0	2
1919	Q9Y2K3__MYH15	0	0	0	0	0	0	1	0	0	0	0	0
1920	Q9Y2L1__DIS3	1	1	0	2	1	1	1	1	1	1	1	2
1921	Q9Y2P8__RCL1	0	0	0	0	1	0	0	0	0	1	0	0
1922	Q9Y2Q3_2__GSTK1	0	0	0	1	0	0	0	1	0	1	0	0
1923	Q9Y2S7__POLDIP2	0	0	0	0	1	0	0	0	0	0	0	0
1924	Q9Y2W1__THRAP3	1	1	0	0	1	1	1	0	0	1	1	2
1925	Q9Y2X3__NOP58	1	1	1	1	0	2	1	2	2	0	1	0
1926	Q9Y2Z0__SUGT1	1	0	0	1	0	0	0	1	0	0	1	0
1927	Q9Y2Z4__YARS2	1	1	0	0	1	0	0	1	0	1	0	0
1928	Q9Y333__LSM2	1	1	0	1	0	0	1	1	1	1	1	0
1929	Q9Y371_2__SH3GLB1	0	0	0	1	0	0	0	0	0	0	0	0
1930	Q9Y3A5__SBDS	1	1	0	0	1	0	2	1	1	0	1	0
1931	Q9Y3B4__SF3B14	0	0	0	1	0	0	1	0	0	0	1	1
1932	Q9Y3B9__RRP15	0	0	0	1	0	0	0	1	0	0	0	0
1933	Q9Y3C8__UFC1	1	0	0	0	0	0	0	1	0	1	0	0
1934	Q9Y3D5__MRPS18C	0	0	0	0	0	0	0	0	1	0	0	0
1935	Q9Y3D6__FIS1	1	1	0	1	1	2	1	2	1	1	1	2
1936	Q9Y3I0__C22orf28	2	0	1	1	2	1	1	1	0	2	1	1
1937	Q9Y3T9__NOC2L	0	1	0	0	0	0	0	0	1	1	0	0
1938	Q9Y3U8__RPL36	1	1	1	2	1	1	0	1	2	1	0	2
1939	Q9Y490__TLN1	3	8	0	9	3	7	7	8	3	3	5	8
1940	Q9Y4C2__FAM115A	0	0	0	0	0	0	0	0	0	0	0	1
1941	Q9Y4R8__TELO2	0	1	0	0	0	1	0	1	0	0	2	1
1942	Q9Y4W2__LAS1L	0	0	0	0	0	0	1	0	0	0	1	0
1943	Q9Y4Z0__LSM4	0	0	0	0	0	0	1	0	0	0	0	0
1944	Q9Y512__SAMM50	0	0	1	1	0	0	0	1	1	0	0	0
1945	Q9Y5A9__YTHDF2	0	0	0	0	1	1	0	1	0	2	1	1
1946	Q9Y5B9__SUPT16H	2	3	2	4	4	4	1	3	3	3	4	1
1947	Q9Y5K6__CD2AP	1	0	0	0	0	0	0	1	1	0	1	0
1948	Q9Y5L4__TIMM13	0	0	0	1	0	0	0	0	1	1	1	0
1949	Q9Y5P6_2__GMPPB	0	1	0	0	1	0	0	0	0	0	1	0
1950	Q9Y5S9__RBM8A	1	0	0	0	0	0	0	0	0	0	0	0
1951	Q9Y5X1__SNX9	1	0	0	1	0	0	1	0	0	1	0	0
1952	Q9Y5X3__SNX5	0	1	0	0	1	0	0	0	0	0	0	0
1953	Q9Y5Z4__HEBP2	1	0	0	0	1	0	2	0	1	0	0	1
1954	Q9Y617__PSAT1	0	2	0	1	2	4	1	0	2	2	1	0
1955	Q9Y623__MYH4_MYH2_MYH3_MYH1_MYH6_MYH8_MYH7	0	0	0	0	0	0	1	0	0	0	0	1
1956	Q9Y678__COPG1	2	0	0	3	1	0	1	0	0	0	0	1
1957	Q9Y696__CLIC4	1	1	0	0	2	0	0	0	1	1	0	0
1958	Q9Y6I3_1__EPN1	0	0	0	0	1	0	0	0	0	0	1	0
1959	REV__A2A3K4_2	0	0	0	0	0	0	1	0	0	0	0	0
1960	REV__Q9NZK5	1	1	0	0	1	0	1	0	0	0	0	1
1961	REV__Q63HM2	1	0	0	1	1	0	0	0	0	0	0	0
1962	REV__P14651	0	0	0	0	0	0	0	0	0	1	0	0
1963	REV__C9J1F9	0	0	0	1	0	0	0	0	0	1	0	0
1964	REV__Q14D04	0	0	0	0	0	0	0	0	0	0	1	0
1965	REV__G3V599	0	0	0	0	1	0	0	0	0	1	0	0
1966	REV__H0YGT9	0	0	0	0	0	0	0	0	0	1	0	0
1967	REV__Q8N2C3	0	1	0	0	0	0	0	0	0	0	0	0
1968	REV__P57678	0	0	0	0	0	0	0	0	0	0	0	1
1969	REV__Q9BU89	0	0	0	1	0	0	0	0	0	0	0	0
1970	REV__P42679_2	0	0	0	0	0	0	0	0	0	0	1	0
1971	REV__P05181	0	0	0	0	0	0	0	0	0	0	1	0
1972	REV__P51160	0	0	0	0	0	0	0	0	1	0	0	0
1973	REV__Q5VUJ6	0	0	0	0	0	0	1	0	0	1	0	0
1974	REV__Q6ZSJ8	0	0	0	0	0	0	0	1	0	0	0	0
1975	REV__Q8WUI4_5	3	0	0	0	2	0	0	0	0	1	2	0
1976	REV__Q969S9	1	1	0	1	0	1	1	1	1	1	1	1
1977	REV__Q9BRV8_2	0	0	0	0	0	0	0	0	0	0	0	0
1978	REV__Q9NYU1	0	0	0	0	0	1	0	0	0	0	0	0
1979	REV__Q9UM73	0	0	0	0	0	1	0	0	0	0	0	0
